12.400000	0.330000	0.880000	0.390000	7
9.400000	0.590000	0.540000	0.180000	5
11.800000	0.510000	0.660000	0.640000	7
9.700000	0.450000	0.570000	0.490000	5
12.000000	0.400000	0.560000	0.400000	4
9.200000	0.550000	0.560000	0.350000	5
13.965313	0.285160	0.960882	0.646911	10
9.204674	1.360265	0.524393	0.100009	2
9.200000	0.240000	0.540000	0.540000	5
11.200000	0.580000	0.580000	0.160000	6
9.200000	0.810000	0.420000	0.250000	5
12.500000	0.520000	0.720000	0.080000	7
9.300000	0.630000	0.790000	0.310000	5
10.800000	0.630000	0.530000	0.010000	6
9.500000	0.715000	0.540000	0.220000	6
9.678561	0.902813	0.422208	0.141081	2
10.400000	0.600000	0.630000	0.000000	6
10.500000	0.610000	0.730000	0.010000	5
9.200000	0.420000	0.520000	0.210000	5
11.500000	0.760000	0.680000	0.290000	6
9.900000	0.520000	0.570000	0.220000	6
11.700000	0.440000	0.570000	0.200000	6
9.040538	1.391692	0.439191	0.021309	2
9.800000	0.620000	0.660000	0.090000	5
11.400000	0.600000	0.570000	0.490000	5
9.300000	0.630000	0.520000	0.170000	5
10.000000	0.310000	0.700000	0.090000	7
13.100000	0.540000	0.720000	0.340000	8
9.400000	0.765000	0.550000	0.220000	5
9.165873	1.091398	0.311737	0.002722	1
9.400000	0.630000	0.570000	0.240000	5
9.600000	0.640000	0.580000	0.070000	5
9.400000	0.540000	0.610000	0.130000	5
10.600000	0.520000	0.860000	0.090000	7
12.400000	0.395000	0.670000	0.130000	6
9.300000	0.620000	0.600000	0.180000	5
12.000000	0.490000	0.930000	0.670000	6
10.200000	0.890000	1.180000	0.300000	5
9.600000	0.835000	0.470000	0.030000	5
9.500000	0.690000	0.480000	0.220000	5
13.100000	0.520000	0.560000	0.150000	4
9.000000	0.490000	0.580000	0.330000	5
9.400000	0.620000	0.520000	0.320000	5
9.300000	0.330000	0.650000	0.230000	5
11.000000	0.360000	0.720000	0.320000	6
9.545774	1.199138	0.379072	0.120026	2
10.500000	0.410000	0.660000	0.640000	5
9.800000	0.820000	0.580000	0.020000	5
10.100000	0.180000	0.970000	0.510000	6
13.169119	0.177816	0.756708	0.432222	9
11.700000	0.530000	0.560000	0.490000	6
9.500000	0.620000	0.540000	0.060000	5
9.500000	0.745000	0.590000	0.120000	6
13.913164	0.227159	0.979772	0.510527	10
9.400000	0.540000	0.610000	0.240000	5
9.300000	0.725000	1.070000	0.240000	5
10.200000	0.490000	0.580000	0.100000	6
10.000000	0.615000	0.730000	0.660000	7
10.400000	0.830000	0.600000	0.000000	6
10.800000	0.635000	0.690000	0.100000	7
11.200000	0.550000	0.760000	0.100000	6
8.766481	1.397448	0.406633	0.030574	1
9.400000	0.380000	0.540000	0.550000	5
9.400000	0.400000	0.550000	0.490000	5
9.800000	0.460000	0.620000	0.290000	5
9.500000	0.520000	0.540000	0.260000	5
13.605564	0.134981	0.963007	0.616867	10
11.200000	0.310000	0.680000	0.400000	7
9.500000	0.280000	0.630000	0.540000	5
11.800000	0.620000	0.890000	0.120000	6
9.800000	0.735000	0.570000	0.050000	5
11.300000	0.370000	0.730000	0.320000	7
10.900000	0.360000	0.730000	0.390000	6
11.100000	0.670000	0.720000	0.000000	6
9.800000	0.280000	1.360000	0.540000	7
10.000000	0.320000	0.780000	0.440000	6
11.200000	0.310000	0.830000	0.350000	7
11.400000	0.340000	0.550000	0.420000	5
10.300000	0.430000	0.640000	0.320000	5
9.600000	0.470000	0.650000	0.080000	6
12.800000	0.270000	0.660000	0.240000	6
11.000000	0.450000	1.110000	0.500000	6
12.500000	0.490000	0.780000	0.630000	7
13.543886	0.246257	0.978173	0.524861	10
9.500000	0.650000	0.670000	0.020000	6
11.400000	0.340000	0.600000	0.420000	6
9.230007	0.973536	0.466145	0.106760	2
10.800000	0.620000	0.620000	0.350000	5
9.400000	0.460000	0.510000	0.230000	5
10.500000	0.580000	0.560000	0.010000	7
10.500000	0.500000	0.680000	0.590000	7
11.800000	0.715000	0.570000	0.010000	6
10.900000	0.900000	0.630000	0.000000	6
8.596759	1.380343	0.417517	0.097365	1
12.100000	0.340000	0.770000	0.330000	7
10.500000	0.510000	0.540000	0.090000	5
10.400000	0.650000	0.640000	0.370000	6
9.900000	0.800000	0.480000	0.110000	5
14.188332	0.164221	0.818685	0.504342	10
9.700000	0.590000	0.530000	0.020000	6
11.500000	0.440000	0.830000	0.500000	5
9.600000	0.490000	0.640000	0.260000	5
9.700000	0.840000	0.550000	0.000000	5
9.448162	1.388475	0.344526	0.065643	1
10.200000	0.390000	0.750000	0.400000	6
9.800000	0.450000	0.580000	0.380000	5
10.200000	0.600000	1.170000	0.300000	5
10.800000	0.470000	0.760000	0.430000	6
10.000000	0.430000	0.640000	0.400000	7
10.100000	0.550000	0.590000	0.150000	5
11.500000	0.760000	0.600000	0.000000	6
9.800000	0.870000	0.500000	0.000000	5
10.400000	0.240000	0.610000	0.490000	5
9.800000	0.655000	0.660000	0.120000	5
12.200000	0.695000	0.840000	0.530000	7
9.600000	0.580000	0.720000	0.250000	5
9.400000	0.590000	0.490000	0.260000	5
13.569594	0.236949	0.852789	0.562793	10
9.300000	0.690000	0.710000	0.490000	5
9.200000	0.530000	0.860000	0.120000	5
9.400000	0.685000	0.620000	0.350000	5
9.500000	0.630000	0.450000	0.000000	5
14.061285	0.223769	0.965103	0.682274	10
9.600000	0.720000	0.540000	0.010000	5
14.438814	0.290305	0.874457	0.547268	10
12.500000	0.570000	0.840000	0.010000	7
9.433911	1.584142	0.456569	0.035365	1
13.469293	0.175244	0.976313	0.625234	10
11.200000	0.370000	0.800000	0.320000	6
9.300000	0.665000	0.730000	0.000000	5
13.097264	0.145066	0.998969	0.514798	10
11.400000	0.670000	0.490000	0.080000	6
9.200000	0.490000	0.690000	0.200000	6
11.900000	0.715000	0.500000	0.100000	5
10.500000	0.400000	0.630000	0.310000	6
14.900000	0.360000	0.840000	0.650000	5
10.500000	0.510000	0.540000	0.020000	6
9.500000	0.715000	0.540000	0.220000	6
13.903036	0.240451	0.821153	0.535664	10
10.700000	0.590000	0.580000	0.010000	6
11.700000	0.860000	0.740000	0.070000	6
12.000000	0.490000	0.630000	0.270000	6
9.300000	0.590000	0.650000	0.000000	6
10.100000	0.180000	0.970000	0.510000	6
9.800000	0.470000	0.600000	0.490000	5
9.600000	0.570000	0.700000	0.060000	6
9.800000	0.500000	0.870000	0.120000	6
12.500000	0.490000	0.590000	0.000000	6
12.100000	0.480000	0.590000	0.530000	7
12.600000	0.700000	0.520000	0.080000	5
13.600000	0.420000	0.730000	0.000000	7
12.400000	0.250000	0.800000	0.370000	7
9.800000	0.380000	0.680000	0.660000	6
9.900000	0.380000	0.520000	0.060000	6
9.400000	0.735000	0.600000	0.000000	5
10.500000	1.180000	0.470000	0.210000	5
9.200000	0.460000	0.740000	0.260000	6
10.800000	0.810000	0.660000	0.050000	6
9.700000	0.620000	0.530000	0.060000	5
11.400000	0.310000	0.850000	0.410000	6
11.500000	0.510000	0.570000	0.140000	6
9.100000	0.500000	0.570000	0.470000	5
11.300000	0.180000	0.930000	0.400000	5
10.700000	0.500000	0.520000	0.340000	6
9.700000	0.370000	0.680000	0.430000	6
9.800000	0.490000	0.640000	0.190000	6
10.900000	0.240000	0.940000	0.340000	6
12.300000	0.420000	0.640000	0.270000	7
9.500000	0.500000	0.480000	0.170000	5
9.500000	0.500000	0.780000	0.040000	5
9.100000	0.480000	1.060000	0.680000	6
14.048083	0.108813	0.925686	0.687397	10
12.822186	0.204882	0.813437	0.566026	9
13.016431	0.174376	0.940291	0.498853	9
13.463150	0.226959	0.904905	0.548629	10
9.800000	0.640000	0.660000	0.210000	5
9.000000	0.575000	0.690000	0.610000	5
9.100000	0.580000	0.620000	0.130000	6
11.300000	0.570000	0.710000	0.120000	7
9.500000	0.610000	0.590000	0.140000	5
11.600000	0.690000	0.740000	0.310000	6
10.100000	0.360000	0.600000	0.250000	6
10.000000	0.330000	1.100000	0.330000	8
9.900000	0.470000	0.860000	0.440000	4
9.500000	0.410000	0.620000	0.420000	6
13.640658	0.216347	0.797042	0.634527	9
9.900000	0.660000	0.960000	0.000000	6
13.400000	0.400000	0.900000	0.510000	7
9.700000	0.660000	0.570000	0.030000	5
13.787457	0.297034	0.867603	0.563567	9
10.600000	0.280000	0.680000	0.600000	5
10.700000	0.500000	0.620000	0.390000	6
11.400000	0.520000	0.760000	0.450000	6
10.300000	0.640000	0.680000	0.310000	5
9.300000	0.610000	0.510000	0.300000	4
12.300000	0.840000	0.560000	0.030000	7
9.500000	0.690000	0.510000	0.320000	5
12.000000	0.350000	0.700000	0.400000	7
8.990917	1.429304	0.361233	0.021640	1
10.300000	0.660000	1.200000	0.220000	5
9.000000	0.520000	0.650000	0.250000	6
10.100000	0.320000	0.620000	0.230000	5
9.300000	0.690000	0.600000	0.000000	5
11.100000	0.340000	0.790000	0.320000	5
10.800000	0.600000	0.560000	0.000000	5
11.600000	0.740000	0.560000	0.090000	6
10.200000	0.610000	0.610000	0.300000	6
13.188653	0.230977	0.896415	0.612079	10
13.419677	0.348793	0.921725	0.638149	9
12.513398	0.302484	0.843696	0.410556	9
9.700000	0.590000	0.670000	0.100000	5
9.500000	0.730000	0.520000	0.210000	5
10.900000	0.640000	0.700000	0.230000	5
9.300000	0.400000	0.600000	0.510000	6
9.500000	0.390000	0.490000	0.630000	5
9.500000	0.570000	0.690000	0.020000	5
10.000000	0.780000	0.470000	0.080000	5
9.800000	0.540000	0.640000	0.130000	5
10.300000	0.570000	0.600000	0.050000	6
10.500000	0.705000	0.950000	0.050000	6
9.800000	0.530000	0.460000	0.010000	5
10.000000	0.530000	0.560000	0.040000	6
9.700000	0.490000	0.540000	0.190000	5
8.388087	1.156994	0.303503	0.034598	1
12.892637	0.287114	0.776865	0.486191	9
9.300000	0.735000	0.640000	0.160000	5
9.700000	0.400000	0.810000	0.480000	6
10.900000	0.450000	0.690000	0.630000	6
9.400000	0.570000	0.600000	0.000000	6
14.440018	0.293838	0.945665	0.612776	10
13.433609	0.156423	0.812988	0.450452	9
9.400000	0.670000	0.540000	0.000000	5
10.500000	0.400000	0.770000	0.320000	7
10.600000	0.460000	0.600000	0.240000	6
11.000000	0.845000	0.580000	0.010000	4
10.400000	0.650000	0.620000	0.020000	6
10.400000	0.330000	0.480000	0.460000	6
10.500000	0.430000	0.720000	0.420000	5
8.681918	1.213639	0.428074	0.058230	1
9.900000	0.735000	0.530000	0.020000	5
9.829109	1.389013	0.526700	0.128532	2
10.600000	0.270000	0.720000	0.600000	6
11.600000	0.530000	0.760000	0.570000	7
13.036081	0.262764	0.820993	0.543997	9
10.000000	0.705000	0.720000	0.120000	5
11.200000	0.880000	0.500000	0.030000	4
9.917652	1.089045	0.524549	0.028205	2
11.000000	0.240000	0.900000	0.470000	7
11.400000	0.290000	0.680000	0.750000	7
11.000000	0.530000	0.670000	0.090000	4
9.400000	0.340000	0.480000	0.280000	5
12.200000	0.600000	0.560000	0.000000	6
10.700000	0.570000	0.780000	0.500000	6
9.200000	0.280000	0.660000	0.390000	5
10.300000	0.220000	0.870000	0.240000	6
10.900000	0.380000	0.710000	0.560000	6
11.400000	0.715000	0.650000	0.000000	6
10.500000	0.580000	0.560000	0.010000	7
13.406360	0.187953	0.752987	0.624281	9
10.100000	0.320000	0.440000	0.250000	5
9.100000	0.420000	0.570000	0.250000	5
9.100000	0.625000	1.120000	0.200000	4
9.600000	0.460000	0.740000	0.310000	5
9.900000	0.230000	0.700000	0.570000	6
9.300000	0.680000	0.500000	0.000000	5
9.500000	0.550000	0.780000	0.240000	6
9.776367	1.178338	0.364263	0.066687	2
11.000000	0.380000	0.850000	0.320000	6
9.500000	0.670000	0.540000	0.100000	6
11.600000	0.340000	0.660000	0.400000	7
9.200000	0.590000	0.420000	0.220000	5
12.617427	0.252288	0.910767	0.528563	9
12.658510	0.214767	0.917517	0.406183	9
11.600000	0.580000	1.030000	0.560000	6
9.300000	0.835000	0.520000	0.000000	5
9.200000	0.210000	0.840000	0.440000	7
11.500000	0.740000	0.630000	0.030000	6
10.400000	0.460000	0.640000	0.200000	6
10.300000	0.550000	0.640000	0.230000	6
8.783739	1.162203	0.457340	0.110700	2
10.200000	0.580000	0.590000	0.300000	5
12.500000	0.740000	0.590000	0.000000	6
12.800000	0.510000	0.590000	0.150000	6
9.300000	0.260000	0.820000	0.440000	6
11.400000	0.390000	0.580000	0.240000	4
9.400000	0.400000	0.580000	0.180000	5
10.800000	0.390000	0.610000	0.690000	6
9.900000	0.615000	0.520000	0.000000	5
9.400000	0.440000	0.670000	0.280000	5
12.000000	0.350000	0.660000	0.490000	7
10.800000	0.440000	0.650000	0.470000	6
10.200000	0.450000	0.490000	0.230000	6
10.500000	0.580000	0.480000	0.120000	5
8.904530	1.474140	0.419858	0.029146	1
10.300000	0.390000	0.820000	0.490000	6
10.900000	0.280000	0.600000	0.460000	6
10.000000	0.430000	0.730000	0.240000	6
10.500000	0.480000	0.530000	0.410000	6
9.500000	0.660000	0.580000	0.000000	5
11.700000	0.280000	0.390000	0.280000	7
10.900000	0.670000	0.820000	0.020000	6
9.500000	0.500000	0.550000	0.330000	5
14.147546	0.267901	0.889013	0.544509	10
9.300000	0.635000	1.150000	0.680000	5
12.800000	0.570000	0.600000	0.280000	5
11.700000	0.290000	0.840000	0.330000	7
10.100000	1.020000	0.570000	0.430000	6
9.700000	0.980000	0.550000	0.050000	3
9.500000	0.610000	0.600000	0.040000	5
13.092130	0.220005	0.785310	0.455723	9
11.300000	0.780000	0.560000	0.230000	5
8.920310	1.405706	0.433437	0.008937	1
9.800000	0.570000	0.540000	0.210000	6
9.700000	0.550000	0.590000	0.130000	6
9.200000	0.480000	0.530000	0.240000	5
11.500000	0.320000	0.770000	0.520000	6
9.200000	0.790000	0.440000	0.210000	5
10.300000	0.590000	0.580000	0.390000	5
14.000000	0.340000	0.790000	0.000000	6
11.600000	0.390000	0.660000	0.420000	6
12.000000	0.490000	0.630000	0.270000	6
9.500000	0.310000	1.620000	0.300000	5
9.500000	0.620000	0.820000	0.080000	6
9.400000	0.340000	0.590000	0.370000	6
12.800000	0.470000	0.620000	0.020000	6
12.565293	0.250441	0.767347	0.437890	9
9.000000	0.520000	0.650000	0.250000	6
10.000000	0.670000	0.470000	0.390000	5
9.708224	1.322377	0.538087	0.104835	2
12.800000	0.360000	0.550000	0.320000	7
10.900000	0.635000	0.750000	0.100000	6
8.485957	1.480891	0.311104	0.096106	1
11.800000	0.370000	0.720000	0.320000	6
8.897969	1.228416	0.353806	0.023856	2
11.200000	0.450000	0.660000	0.730000	6
9.700000	0.450000	0.570000	0.490000	5
12.765634	0.186521	0.932446	0.466859	9
9.900000	0.600000	0.520000	0.260000	5
10.000000	0.785000	0.670000	0.240000	5
10.500000	0.410000	0.560000	0.370000	5
10.100000	0.630000	0.640000	0.330000	6
9.500000	0.380000	0.470000	0.210000	5
9.500000	0.775000	0.590000	0.420000	5
11.700000	0.400000	0.820000	0.530000	7
13.120104	0.148568	0.911124	0.689827	10
10.100000	0.695000	0.540000	0.130000	5
12.300000	0.840000	0.560000	0.030000	7
11.900000	0.600000	0.740000	0.490000	6
12.801997	0.276047	0.771346	0.516031	9
11.000000	0.350000	0.650000	0.530000	8
11.200000	0.160000	0.710000	0.640000	6
10.500000	0.470000	0.630000	0.460000	5
10.900000	1.330000	0.480000	0.000000	5
9.006702	1.544077	0.420521	0.060965	1
9.700000	0.600000	0.570000	0.500000	5
9.000000	0.340000	0.470000	0.380000	6
9.500000	0.380000	0.590000	0.300000	6
10.000000	0.220000	0.820000	0.300000	6
9.600000	0.480000	0.490000	0.080000	5
10.000000	0.710000	0.580000	0.000000	6
11.700000	0.480000	0.660000	0.640000	6
9.500000	0.430000	0.620000	0.340000	6
9.300000	0.560000	0.620000	0.140000	5
12.532725	0.173312	0.833683	0.582211	9
12.900000	0.605000	0.550000	0.050000	5
11.100000	0.500000	0.830000	0.210000	6
12.000000	0.270000	1.130000	0.530000	7
9.200000	0.315000	0.700000	0.540000	6
12.100000	0.390000	0.550000	0.230000	6
9.500000	0.430000	0.640000	0.490000	5
9.900000	0.490000	1.950000	0.280000	6
13.114038	0.242947	0.801463	0.647652	10
12.948446	0.283973	0.783881	0.546635	9
9.600000	0.500000	0.440000	0.490000	5
9.500000	0.430000	0.640000	0.290000	5
12.500000	0.580000	0.650000	0.230000	6
8.202113	1.186844	0.418847	0.042388	1
11.000000	0.360000	0.850000	0.460000	7
10.200000	0.875000	0.520000	0.050000	3
11.400000	0.540000	0.710000	0.420000	6
11.000000	0.600000	0.540000	0.080000	5
9.600000	0.430000	0.500000	0.390000	5
10.500000	0.490000	0.470000	0.100000	5
9.100000	0.840000	0.480000	0.340000	6
12.000000	0.640000	0.630000	0.090000	5
9.600000	0.320000	0.780000	0.590000	5
10.000000	0.500000	0.520000	0.240000	4
9.233333	0.840000	0.720000	0.210000	6
8.953778	1.042367	0.410535	0.038392	1
11.500000	0.500000	0.720000	0.420000	6
9.400000	0.980000	0.480000	0.320000	5
10.000000	0.560000	0.630000	0.030000	6
10.500000	0.290000	0.600000	0.400000	5
9.000000	1.070000	0.570000	0.090000	5
9.300000	0.610000	1.020000	0.490000	5
11.500000	0.540000	0.590000	0.090000	6
11.900000	0.120000	0.760000	0.450000	7
9.544766	0.946930	0.385169	0.116126	2
9.200000	0.210000	0.840000	0.440000	7
9.700000	0.685000	0.600000	0.000000	5
10.000000	0.615000	0.730000	0.660000	7
10.700000	0.510000	0.930000	0.000000	6
11.100000	0.470000	0.850000	0.270000	6
14.145272	0.160373	0.836797	0.516645	10
11.300000	0.680000	0.660000	0.010000	6
9.400000	0.360000	0.500000	0.300000	5
10.600000	0.320000	0.610000	0.650000	5
12.000000	0.440000	0.850000	0.730000	7
9.700000	0.550000	0.550000	0.210000	5
10.700000	0.825000	0.770000	0.240000	6
10.400000	0.380000	0.760000	0.510000	6
10.200000	0.705000	0.660000	0.100000	5
9.600000	0.260000	0.540000	0.450000	5
10.100000	0.300000	0.970000	0.600000	6
11.100000	0.470000	0.850000	0.270000	6
9.800000	0.630000	0.580000	0.030000	6
12.000000	0.310000	0.780000	0.290000	6
9.700000	0.550000	0.550000	0.210000	5
9.400461	1.424219	0.460924	0.063895	1
9.430571	1.192381	0.458193	0.056173	2
9.500000	0.460000	0.630000	0.310000	6
10.100000	1.025000	0.570000	0.430000	5
13.000000	0.370000	0.600000	0.760000	7
9.600000	0.630000	0.580000	0.210000	5
9.300000	0.400000	0.670000	0.410000	6
11.000000	0.350000	0.910000	0.490000	6
11.300000	0.430000	0.610000	0.520000	6
14.000000	0.420000	0.740000	0.000000	7
9.835878	1.234901	0.530339	0.116270	2
12.700000	0.180000	0.440000	0.370000	6
12.100000	0.300000	0.640000	0.490000	7
13.416156	0.213155	0.756765	0.592264	9
10.000000	1.005000	0.480000	0.150000	5
9.100000	0.760000	1.330000	0.680000	6
9.900000	0.410000	0.760000	0.540000	7
12.300000	0.420000	0.740000	0.460000	6
13.566667	0.470000	0.880000	0.110000	7
10.600000	0.460000	0.600000	0.240000	6
9.000000	0.490000	1.170000	0.510000	5
10.000000	0.350000	0.540000	0.240000	4
14.255960	0.222869	0.896784	0.626271	10
10.900000	0.685000	0.550000	0.070000	4
10.300000	0.480000	0.530000	0.280000	5
10.900000	0.765000	0.680000	0.000000	6
10.900000	0.490000	0.780000	0.360000	6
13.400000	0.620000	0.690000	0.670000	8
10.800000	0.725000	0.490000	0.090000	6
13.009580	0.295555	0.868384	0.524658	9
11.600000	0.520000	0.630000	0.080000	6
10.000000	0.785000	0.610000	0.000000	4
14.000000	0.380000	0.750000	0.010000	6
9.600000	0.420000	0.630000	0.570000	5
10.500000	0.490000	0.900000	0.200000	6
9.800000	0.390000	0.750000	0.470000	6
11.500000	0.500000	0.620000	0.290000	6
9.500000	0.500000	0.450000	0.000000	5
9.400000	0.500000	0.620000	0.350000	5
9.800000	0.310000	0.820000	0.720000	8
9.200000	0.560000	0.590000	0.130000	5
11.700000	0.580000	0.490000	0.200000	5
9.500000	0.470000	0.460000	0.470000	5
9.134127	1.042881	0.403062	0.071807	1
9.300000	0.450000	0.650000	0.230000	6
13.878591	0.295865	0.862441	0.696139	10
9.400000	0.570000	0.550000	0.270000	5
9.800000	0.280000	0.580000	0.560000	6
9.600000	0.950000	0.560000	0.030000	5
11.700000	0.300000	0.850000	0.410000	7
8.551406	1.437821	0.339236	0.005562	1
11.000000	0.360000	0.850000	0.460000	7
11.066667	0.670000	0.680000	0.020000	6
11.600000	0.580000	0.760000	0.020000	7
9.324723	1.050651	0.508902	0.133288	2
10.300000	0.380000	0.610000	0.490000	5
8.419122	1.095089	0.312482	0.029197	1
9.400000	0.885000	0.530000	0.270000	5
9.500000	0.530000	0.570000	0.240000	5
11.200000	0.480000	0.720000	0.290000	5
9.400000	0.560000	0.620000	0.230000	5
9.100000	0.600000	0.490000	0.290000	5
9.700000	0.480000	0.640000	0.080000	5
11.200000	0.330000	0.740000	0.630000	7
10.800000	0.500000	0.770000	0.360000	6
11.000000	0.740000	0.590000	0.000000	5
9.400000	0.660000	0.560000	0.000000	5
10.000000	0.680000	0.520000	0.020000	5
9.300000	0.595000	0.570000	0.410000	5
12.900000	0.660000	0.580000	0.000000	5
11.800000	0.310000	0.690000	0.360000	5
10.400000	0.420000	0.440000	0.320000	5
12.600000	0.310000	0.560000	0.320000	6
9.000000	0.490000	0.580000	0.580000	5
9.924266	1.201848	0.472142	0.061469	2
9.300000	0.580000	0.430000	0.200000	5
11.200000	0.570000	0.560000	0.000000	6
11.700000	0.560000	0.620000	0.140000	7
9.400000	0.550000	0.640000	0.000000	6
11.500000	0.660000	0.710000	0.390000	7
10.900000	0.700000	0.690000	0.060000	5
9.200000	0.770000	0.580000	0.200000	5
8.713262	1.324371	0.508421	0.083729	2
10.500000	0.430000	0.610000	0.300000	5
10.500000	1.020000	0.480000	0.040000	4
11.200000	0.340000	0.540000	0.360000	7
10.700000	0.775000	0.560000	0.000000	5
9.900000	0.600000	0.520000	0.260000	5
9.500000	0.340000	0.810000	0.520000	6
10.500000	0.280000	0.750000	0.560000	7
11.600000	0.320000	0.800000	0.440000	7
11.900000	0.250000	0.600000	0.430000	6
10.600000	0.780000	0.560000	0.220000	6
9.600000	0.560000	0.660000	0.080000	6
9.500000	0.510000	0.730000	0.180000	6
9.200000	0.870000	0.460000	0.260000	5
9.077623	1.045622	0.355567	0.073164	2
10.000000	0.885000	0.460000	0.200000	5
9.100000	0.640000	0.620000	0.270000	6
9.800000	0.460000	0.650000	0.140000	5
9.594942	1.252303	0.376593	0.037372	2
9.500000	0.580000	0.580000	0.230000	6
13.574224	0.293016	0.858215	0.470405	9
11.400000	0.450000	0.650000	0.110000	6
9.500000	0.370000	0.510000	0.520000	5
10.900000	0.500000	0.680000	0.550000	6
10.200000	0.590000	0.630000	0.310000	6
9.800000	0.760000	0.650000	0.040000	5
9.400000	0.600000	0.460000	0.060000	5
11.200000	0.685000	0.680000	0.760000	7
9.500000	0.650000	0.550000	0.100000	5
11.000000	0.370000	0.580000	0.650000	5
13.414500	0.244625	0.887959	0.665925	10
9.700000	0.650000	0.800000	0.020000	5
9.400000	0.685000	0.550000	0.260000	5
9.700000	0.380000	0.730000	0.280000	7
9.800000	0.630000	0.580000	0.270000	6
11.950000	0.650000	0.540000	0.060000	5
10.200000	0.520000	0.480000	0.250000	5
11.800000	0.180000	0.760000	0.510000	7
12.400000	0.280000	0.620000	0.480000	7
11.900000	0.360000	0.530000	0.660000	6
9.900000	0.450000	0.910000	0.310000	6
9.600000	0.645000	0.550000	0.000000	6
9.700000	0.270000	0.700000	0.410000	5
10.700000	0.705000	0.580000	0.070000	5
10.500000	0.430000	0.710000	0.420000	5
12.400000	0.290000	1.010000	0.360000	7
9.200000	0.450000	0.560000	0.200000	5
11.000000	0.220000	0.870000	0.360000	7
9.900000	0.830000	0.520000	0.370000	5
9.100000	0.885000	0.330000	0.030000	4
13.161921	0.246553	0.769260	0.416705	9
11.700000	0.280000	0.390000	0.280000	7
9.200000	0.575000	0.510000	0.220000	5
10.400000	0.460000	0.640000	0.200000	6
10.300000	0.480000	0.550000	0.310000	6
10.900000	0.725000	0.390000	0.050000	5
10.300000	0.680000	0.600000	0.210000	5
9.500000	0.450000	0.600000	0.340000	5
12.900000	0.690000	0.530000	0.000000	6
9.800000	0.600000	0.560000	0.260000	6
13.200000	0.380000	0.570000	0.480000	6
9.600000	0.500000	0.720000	0.180000	6
9.400000	0.550000	0.610000	0.170000	5
9.500000	0.400000	0.590000	0.290000	6
8.279579	1.203809	0.455513	0.031840	1
9.700000	0.660000	0.570000	0.030000	5
9.600000	0.490000	0.640000	0.260000	5
9.900000	1.040000	0.550000	0.050000	6
11.100000	0.915000	0.540000	0.290000	5
10.700000	0.545000	0.670000	0.060000	6
10.500000	0.600000	0.630000	0.490000	6
10.800000	0.240000	1.020000	0.460000	7
12.700000	0.865000	0.490000	0.030000	6
11.700000	0.300000	0.840000	0.340000	7
10.500000	0.750000	0.640000	0.140000	5
9.400000	0.410000	1.260000	0.760000	5
9.300000	0.600000	0.570000	0.180000	6
10.900000	0.600000	0.610000	0.010000	6
10.800000	0.570000	0.620000	0.020000	6
10.300000	0.450000	0.760000	0.550000	6
12.500000	0.270000	0.520000	0.490000	7
9.900000	0.640000	0.450000	0.210000	5
9.600000	0.655000	0.420000	0.260000	5
14.480086	0.242430	0.933055	0.532792	10
11.600000	0.795000	0.520000	0.000000	5
11.200000	0.460000	0.530000	0.000000	5
11.300000	0.640000	0.630000	0.000000	6
10.500000	0.310000	0.800000	0.470000	7
9.800000	0.370000	0.620000	0.250000	6
13.600000	0.400000	0.660000	0.500000	6
9.500000	0.560000	0.930000	0.190000	5
10.200000	0.690000	0.600000	0.080000	6
9.550000	0.685000	0.650000	0.100000	6
9.800000	0.870000	0.500000	0.000000	5
10.900000	0.240000	0.940000	0.340000	6
10.000000	0.780000	0.530000	0.100000	5
9.000000	1.000000	0.550000	0.090000	6
13.000000	0.530000	0.770000	0.790000	5
10.200000	0.670000	0.560000	0.300000	6
10.500000	0.510000	0.540000	0.020000	6
11.000000	0.855000	0.600000	0.020000	6
10.400000	0.370000	0.820000	0.550000	6
9.400000	0.390000	0.580000	0.080000	5
10.600000	0.560000	0.570000	0.030000	5
9.218855	1.397279	0.392533	0.082843	1
9.600000	0.320000	0.780000	0.590000	5
9.700000	0.390000	0.430000	0.100000	6
10.400000	0.650000	0.620000	0.020000	6
9.147993	1.385350	0.536117	0.024365	2
8.872906	1.528687	0.376869	0.032462	1
9.037341	1.075828	0.488978	0.076955	2
11.000000	0.240000	0.900000	0.470000	7
10.200000	0.570000	0.610000	0.020000	5
8.400000	0.310000	0.790000	0.740000	6
11.000000	0.560000	0.520000	0.080000	5
9.568246	1.194804	0.406708	0.006944	2
11.000000	0.580000	0.700000	0.280000	6
9.900000	0.410000	0.890000	0.550000	6
10.100000	0.340000	0.440000	0.250000	5
10.100000	0.290000	0.670000	0.490000	6
11.900000	0.210000	0.590000	0.400000	6
10.000000	0.835000	0.520000	0.000000	5
8.551475	1.208278	0.491401	0.117096	2
9.000000	0.545000	0.590000	0.180000	6
9.200000	0.415000	0.640000	0.360000	5
12.200000	0.400000	0.600000	0.430000	6
9.200000	0.935000	0.730000	0.430000	5
9.281189	1.169874	0.452963	0.061068	2
10.500000	0.410000	0.570000	0.140000	6
9.300000	0.685000	0.610000	0.230000	5
8.696366	1.084135	0.443876	0.070093	2
8.581171	1.590886	0.462708	0.040884	1
9.296577	1.081385	0.445387	0.071937	2
9.500000	0.560000	0.930000	0.190000	5
10.900000	0.550000	0.600000	0.040000	6
12.100000	0.340000	0.690000	0.480000	7
10.000000	0.540000	0.610000	0.280000	6
9.400000	0.540000	0.620000	0.450000	5
13.600000	0.360000	0.880000	0.340000	7
12.500000	0.645000	0.610000	0.000000	6
9.800000	0.310000	0.930000	0.510000	6
11.100000	0.350000	0.790000	0.600000	6
11.400000	0.380000	0.550000	0.570000	6
12.700000	0.470000	0.680000	0.490000	6
8.482560	1.516018	0.499352	0.098531	1
11.100000	0.330000	0.890000	0.450000	7
9.261819	1.226112	0.510019	0.094523	2
10.100000	0.600000	0.540000	0.030000	5
10.900000	0.360000	0.730000	0.390000	6
10.400000	0.500000	0.610000	0.140000	5
12.800000	0.750000	0.400000	0.010000	6
9.000000	0.620000	0.530000	0.080000	5
9.100000	0.690000	0.610000	0.050000	5
10.550000	0.560000	0.680000	0.170000	7
12.500000	0.430000	0.700000	0.450000	6
9.400000	0.530000	0.540000	0.240000	6
10.800000	0.300000	0.770000	0.740000	7
12.951528	0.160857	0.757543	0.557568	9
9.400000	0.630000	0.570000	0.240000	5
9.000000	0.550000	0.480000	0.030000	4
9.400000	0.580000	0.840000	0.000000	5
12.800000	0.750000	0.610000	0.010000	6
13.825459	0.293697	0.886548	0.639037	10
9.200000	0.580000	0.540000	0.080000	5
11.300000	0.935000	0.640000	0.220000	4
9.400000	0.700000	0.700000	0.230000	5
10.700000	0.460000	0.490000	0.140000	5
9.100000	0.470000	0.590000	0.490000	5
12.594425	0.242021	0.876391	0.413340	9
9.700000	0.360000	0.770000	0.210000	6
10.300000	0.635000	0.590000	0.170000	6
11.300000	0.420000	0.570000	0.270000	6
13.731845	0.253268	0.871818	0.674800	10
9.200000	0.430000	0.560000	0.360000	6
9.700000	0.765000	0.540000	0.040000	4
8.667455	1.262370	0.450712	0.113100	2
10.700000	0.910000	0.430000	0.070000	6
10.500000	0.350000	0.530000	0.480000	5
13.905502	0.228147	0.996307	0.523595	10
9.500000	0.630000	0.560000	0.330000	5
9.500000	0.430000	0.640000	0.290000	5
12.300000	0.280000	0.550000	0.450000	7
10.600000	0.370000	0.650000	0.340000	7
13.217372	0.228279	0.812537	0.636494	10
10.000000	0.650000	0.470000	0.000000	7
10.900000	0.295000	0.510000	0.400000	6
12.000000	0.440000	0.990000	0.580000	7
13.076910	0.208209	0.836725	0.579829	10
10.800000	0.240000	1.050000	0.420000	7
14.000000	0.460000	0.790000	0.450000	6
10.200000	0.700000	0.580000	0.080000	5
11.000000	0.320000	0.780000	0.440000	7
9.600000	0.775000	0.510000	0.220000	5
10.200000	0.460000	0.870000	0.630000	5
10.100000	0.620000	0.620000	0.030000	4
11.400000	0.380000	0.770000	0.490000	6
10.033333	0.475000	0.650000	0.400000	6
9.145613	1.209029	0.383915	0.088618	2
11.400000	1.090000	0.430000	0.060000	4
9.500000	0.965000	0.500000	0.100000	5
9.000000	0.540000	0.770000	0.370000	6
9.800000	0.600000	0.530000	0.250000	5
10.600000	0.460000	0.600000	0.240000	6
13.018724	0.281929	0.883365	0.419070	9
9.500000	0.580000	0.550000	0.220000	5
9.500000	0.510000	0.730000	0.180000	6
10.900000	0.420000	0.560000	0.190000	5
11.000000	0.360000	0.680000	0.290000	5
11.700000	0.420000	0.690000	0.390000	8
10.400000	0.770000	0.640000	0.120000	6
8.404996	1.421826	0.472771	0.001101	1
9.500000	0.500000	0.640000	0.460000	5
9.700000	0.310000	0.670000	0.440000	6
12.400000	0.530000	0.860000	0.600000	6
10.900000	0.260000	0.790000	0.260000	6
12.400000	0.280000	0.620000	0.480000	7
10.400000	0.420000	0.680000	0.090000	6
10.000000	0.740000	0.480000	0.070000	5
10.400000	0.200000	0.810000	0.430000	6
9.700000	0.310000	0.530000	0.570000	5
9.900000	0.450000	0.510000	0.150000	6
11.700000	0.360000	0.570000	0.240000	6
8.978717	1.092636	0.453016	0.063362	1
9.500000	0.565000	0.610000	0.340000	5
11.400000	0.540000	0.580000	0.040000	5
10.500000	0.490000	0.510000	0.190000	5
9.600000	0.955000	0.440000	0.050000	4
11.600000	0.690000	0.740000	0.310000	6
9.900000	0.715000	0.590000	0.240000	5
9.400000	0.700000	0.560000	0.000000	5
9.500000	0.670000	0.710000	0.550000	6
12.893136	0.201514	0.795681	0.490472	9
9.200000	0.340000	0.660000	0.450000	6
9.320269	1.324099	0.443809	0.002212	1
9.800000	0.740000	0.500000	0.080000	5
11.100000	0.430000	0.590000	0.240000	6
9.300000	0.520000	0.520000	0.110000	5
12.000000	0.310000	0.860000	0.360000	7
9.900000	0.660000	0.960000	0.000000	6
9.500000	0.350000	0.580000	0.210000	5
10.500000	0.520000	0.610000	0.420000	6
11.800000	0.410000	0.490000	0.450000	7
9.500000	0.390000	0.510000	0.540000	5
12.600000	0.380000	0.750000	0.400000	7
9.400000	0.745000	0.660000	0.560000	5
14.359765	0.265569	0.811699	0.590288	10
9.200000	0.695000	0.670000	0.000000	5
11.100000	0.420000	0.660000	0.350000	6
9.800000	0.310000	0.510000	0.490000	6
11.000000	0.410000	0.880000	0.520000	5
9.000000	0.545000	0.590000	0.180000	6
9.300000	0.610000	0.580000	0.200000	5
9.300000	0.520000	0.600000	0.330000	5
13.579247	0.272566	0.823714	0.590779	10
9.300000	0.615000	0.610000	0.220000	5
14.009259	0.209044	0.998192	0.522917	10
11.000000	0.640000	0.580000	0.220000	5
9.400000	0.640000	0.670000	0.020000	6
10.900000	0.390000	0.830000	0.400000	6
11.800000	0.510000	0.660000	0.640000	7
9.700000	0.615000	0.530000	0.280000	5
13.402089	0.171238	0.772621	0.642856	9
10.100000	0.685000	0.700000	0.110000	6
11.500000	0.390000	0.500000	0.490000	6
9.600000	0.370000	0.700000	0.200000	6
10.500000	0.450000	0.830000	0.360000	5
11.100000	0.720000	0.720000	0.090000	6
10.700000	0.545000	0.670000	0.060000	6
11.300000	0.690000	0.600000	0.070000	6
9.200000	0.780000	1.170000	0.510000	5
9.800000	0.580000	0.490000	0.100000	6
11.400000	0.590000	0.560000	0.010000	5
11.800000	0.620000	0.890000	0.120000	6
9.500000	0.680000	0.520000	0.070000	5
9.500000	0.570000	0.680000	0.020000	5
11.300000	0.440000	0.690000	0.090000	6
12.800000	0.750000	0.400000	0.010000	6
9.400000	0.480000	0.620000	0.320000	5
9.400000	0.490000	0.480000	0.240000	5
12.500000	0.580000	0.670000	0.200000	6
9.600000	0.660000	0.540000	0.150000	5
10.100000	0.850000	0.540000	0.140000	5
11.200000	0.470000	0.800000	0.270000	5
9.700000	0.270000	0.670000	0.620000	6
12.200000	0.390000	0.620000	0.330000	6
9.600000	0.630000	0.730000	0.060000	5
12.200000	0.480000	0.620000	0.040000	7
9.300000	0.620000	0.580000	0.210000	6
11.800000	0.605000	0.530000	0.020000	6
10.200000	0.600000	1.170000	0.300000	5
9.342983	1.219227	0.436273	0.048782	1
9.400000	0.975000	0.600000	0.040000	4
9.400000	0.390000	0.540000	0.310000	6
11.300000	0.580000	0.580000	0.000000	6
10.500000	0.430000	0.710000	0.420000	5
10.200000	0.510000	0.630000	0.150000	6
9.600000	0.640000	0.540000	0.170000	5
9.500000	0.400000	0.650000	0.300000	6
11.000000	0.510000	0.750000	0.130000	6
13.495147	0.246160	0.925657	0.532920	9
9.800000	0.460000	0.540000	0.310000	5
9.600000	0.520000	0.810000	0.070000	6
9.200000	0.320000	0.550000	0.250000	5
13.562071	0.168134	0.777272	0.452599	9
9.500000	0.430000	0.600000	0.220000	6
10.600000	0.460000	0.600000	0.240000	6
8.630350	1.103088	0.403291	0.032906	1
9.300000	0.655000	1.140000	0.490000	5
11.600000	0.545000	0.610000	0.120000	6
8.412278	1.048506	0.349901	0.055116	1
11.200000	0.500000	0.620000	0.740000	5
10.700000	0.780000	0.620000	0.000000	6
11.900000	0.360000	0.530000	0.660000	6
9.522733	0.968788	0.510138	0.061353	2
10.300000	0.290000	1.360000	0.350000	6
10.600000	0.280000	1.040000	0.480000	6
12.600000	0.580000	0.660000	0.020000	6
11.500000	0.530000	0.740000	0.660000	7
9.300000	0.540000	0.600000	0.260000	6
10.000000	0.460000	0.740000	0.240000	6
9.291303	1.366896	0.378356	0.097958	1
9.900000	0.600000	0.700000	0.000000	6
9.300000	0.390000	0.560000	0.160000	5
8.388478	1.415073	0.461699	0.071007	1
9.500000	0.560000	0.620000	0.220000	5
8.500000	0.380000	0.650000	0.380000	5
9.700000	0.670000	0.740000	0.000000	5
11.100000	0.610000	0.770000	0.080000	6
9.500000	0.390000	1.220000	0.440000	5
10.000000	0.415000	0.800000	0.680000	6
10.400000	0.480000	0.600000	0.250000	5
13.569329	0.220159	0.918604	0.501019	9
9.900000	0.735000	0.530000	0.020000	5
10.000000	0.480000	0.650000	0.320000	7
9.400000	0.390000	0.490000	0.120000	5
8.400000	0.610000	0.630000	0.490000	3
9.439397	1.048071	0.506599	0.083294	2
9.400000	0.500000	0.640000	0.040000	6
10.400000	0.430000	0.640000	0.170000	5
8.933689	1.394608	0.483073	0.084087	2
11.800000	0.300000	0.720000	0.380000	6
13.856532	0.197514	0.824043	0.555016	10
9.500000	0.640000	0.500000	0.170000	5
9.500000	0.680000	0.550000	0.110000	6
11.100000	0.180000	0.700000	0.400000	5
10.500000	0.500000	0.710000	0.300000	6
9.200000	0.460000	1.340000	0.590000	5
9.400000	0.540000	0.910000	0.040000	6
9.400000	0.540000	0.620000	0.450000	5
9.500000	0.510000	0.560000	0.010000	6
11.300000	0.360000	0.620000	0.520000	6
12.300000	0.300000	0.510000	0.680000	7
13.576799	0.196288	0.864932	0.583019	10
12.500000	0.310000	0.590000	0.340000	7
14.000000	0.420000	0.740000	0.240000	8
10.300000	0.380000	0.610000	0.490000	5
9.500000	0.440000	0.600000	0.490000	5
9.200000	0.575000	0.510000	0.220000	5
13.183229	0.210649	0.875933	0.558048	9
13.600000	0.470000	0.880000	0.110000	7
9.600000	0.380000	0.700000	0.480000	4
12.000000	0.340000	0.560000	0.270000	6
10.100000	0.570000	0.900000	0.250000	5
9.700000	0.635000	0.540000	0.070000	5
9.400000	0.600000	0.490000	0.260000	5
9.900000	0.280000	0.660000	0.490000	7
10.900000	0.500000	0.720000	0.450000	6
9.900000	0.680000	0.700000	0.160000	6
13.037374	0.280272	0.855500	0.532584	9
10.500000	0.590000	0.920000	0.160000	7
9.800000	0.570000	0.540000	0.210000	6
11.300000	0.380000	0.760000	0.310000	8
13.142834	0.192363	0.852386	0.457352	9
10.900000	0.310000	0.830000	0.530000	7
9.500000	0.650000	0.670000	0.020000	6
10.600000	0.640000	0.780000	0.050000	5
10.600000	0.430000	0.810000	0.020000	6
9.700000	0.540000	0.590000	0.260000	5
9.100000	0.610000	1.560000	0.290000	5
11.500000	1.040000	0.620000	0.240000	5
9.800000	0.600000	0.560000	0.260000	6
9.500000	0.400000	0.920000	0.290000	6
9.200000	0.400000	0.640000	0.400000	5
10.800000	0.885000	0.510000	0.000000	5
9.300000	0.635000	1.090000	0.370000	5
9.600000	0.500000	0.440000	0.490000	5
10.000000	0.550000	0.440000	0.090000	5
11.000000	0.350000	0.810000	0.330000	6
13.300000	0.625000	0.990000	0.660000	6
14.156851	0.171289	0.998382	0.695879	10
9.800000	0.585000	0.480000	0.180000	6
12.900000	0.520000	0.820000	0.320000	6
9.700000	0.580000	0.570000	0.250000	5
13.389823	0.286157	0.881447	0.400423	9
10.400000	0.210000	0.670000	0.520000	5
10.000000	0.860000	0.620000	0.260000	5
9.339842	1.114555	0.427563	0.096906	1
9.400000	0.740000	0.550000	0.190000	5
13.046267	0.160506	0.898775	0.653284	10
10.000000	0.645000	0.600000	0.250000	6
10.300000	0.570000	0.600000	0.050000	6
9.950000	0.760000	0.630000	0.020000	3
10.000000	0.580000	0.560000	0.660000	5
9.700000	0.690000	0.470000	0.110000	5
10.200000	0.680000	0.600000	0.240000	5
12.614527	0.303980	0.836665	0.427640	9
9.500000	0.430000	0.910000	0.210000	5
10.400000	0.660000	0.550000	0.170000	5
9.000000	0.580000	0.570000	0.660000	3
9.900000	0.410000	0.760000	0.540000	7
9.500000	0.430000	0.550000	0.440000	5
9.808786	1.091511	0.544619	0.050389	2
9.800000	0.620000	0.480000	0.060000	5
10.900000	1.580000	0.400000	0.000000	3
9.700000	0.690000	0.600000	0.000000	6
9.500000	0.430000	0.630000	0.440000	6
9.300000	0.570000	0.570000	0.230000	5
10.033333	0.475000	0.650000	0.400000	6
9.400000	0.670000	0.620000	0.550000	5
9.300000	0.660000	0.600000	0.070000	5
10.700000	0.620000	0.580000	0.330000	6
11.500000	0.875000	0.520000	0.130000	5
12.300000	0.300000	0.510000	0.680000	7
10.100000	0.675000	0.540000	0.070000	5
12.000000	0.440000	0.850000	0.730000	7
11.400000	0.440000	0.580000	0.000000	6
10.100000	0.695000	0.540000	0.130000	5
13.692205	0.182071	0.912562	0.440043	9
11.300000	0.260000	0.780000	0.340000	7
9.480165	1.102751	0.421922	0.055447	1
11.700000	0.300000	0.920000	0.560000	8
12.700000	0.360000	0.520000	0.190000	6
10.800000	0.570000	0.620000	0.020000	6
10.100000	0.180000	0.640000	0.480000	6
10.200000	0.630000	0.630000	0.280000	6
9.800000	0.590000	0.710000	0.070000	5
10.300000	0.530000	0.830000	0.060000	6
9.900000	0.530000	0.680000	0.130000	6
9.600000	0.745000	0.820000	0.110000	5
10.700000	0.510000	0.930000	0.000000	6
9.800000	0.900000	0.560000	0.060000	5
9.239030	1.434985	0.495473	0.000012	1
9.600000	0.460000	0.570000	0.490000	4
9.400000	0.390000	0.490000	0.120000	5
9.200000	0.695000	0.520000	0.000000	5
10.000000	0.640000	0.600000	0.000000	6
9.900000	0.690000	0.510000	0.210000	5
11.000000	0.625000	0.570000	0.160000	5
9.300000	0.410000	1.310000	0.680000	5
8.847948	1.213055	0.387421	0.024432	1
13.090865	0.211822	0.921246	0.538373	10
11.300000	0.690000	0.600000	0.070000	6
12.500000	0.250000	0.710000	0.390000	7
9.300000	0.540000	0.600000	0.260000	6
10.300000	0.430000	0.540000	0.290000	5
10.900000	0.560000	0.870000	0.490000	5
12.900000	0.850000	0.820000	0.050000	8
13.236183	0.159416	0.983350	0.544345	10
9.800000	0.720000	0.580000	0.000000	5
11.700000	0.650000	0.740000	0.010000	7
9.400000	0.660000	0.470000	0.040000	5
13.443691	0.172570	0.883135	0.580395	10
9.800000	0.520000	0.600000	0.030000	5
10.200000	0.640000	0.520000	0.100000	5
10.800000	0.635000	0.690000	0.100000	7
9.643013	1.215960	0.522221	0.050081	2
11.800000	0.280000	0.740000	0.350000	7
11.800000	0.740000	0.570000	0.090000	6
9.600000	0.560000	0.440000	0.040000	5
12.500000	0.310000	0.770000	0.390000	7
9.500000	0.755000	0.500000	0.150000	5
10.500000	0.600000	0.580000	0.080000	5
11.500000	0.300000	0.570000	0.390000	7
9.250152	1.299809	0.514850	0.065576	2
9.600000	0.805000	0.560000	0.000000	5
11.300000	0.690000	0.600000	0.070000	6
9.500000	0.360000	0.620000	0.310000	6
9.500000	0.630000	0.620000	0.480000	5
9.500000	0.490000	0.600000	0.360000	6
12.700000	0.330000	0.770000	0.420000	7
10.900000	0.610000	0.660000	0.110000	6
9.500000	0.500000	0.450000	0.000000	5
10.300000	0.300000	0.780000	0.480000	6
9.800000	0.640000	0.660000	0.210000	5
11.000000	0.330000	0.710000	0.410000	6
9.500000	0.360000	0.620000	0.310000	6
10.400000	0.630000	0.550000	0.070000	6
9.200000	0.670000	0.590000	0.190000	4
9.800000	0.690000	0.670000	0.040000	5
11.900000	0.120000	0.760000	0.450000	7
10.100000	0.600000	0.540000	0.030000	5
12.500000	0.310000	0.770000	0.390000	7
10.000000	0.250000	0.900000	0.490000	6
9.400000	0.260000	0.800000	0.420000	6
10.200000	0.240000	0.900000	0.330000	6
9.800000	0.600000	0.530000	0.250000	5
12.500000	0.740000	0.590000	0.000000	6
11.800000	0.320000	0.710000	0.420000	7
9.200000	0.580000	0.470000	0.030000	5
10.900000	0.725000	0.390000	0.050000	5
11.000000	0.350000	0.650000	0.530000	8
8.075659	1.068410	0.352330	0.074377	1
9.550000	0.675000	0.650000	0.100000	5
9.600000	0.730000	0.460000	0.000000	4
10.800000	0.725000	0.490000	0.090000	6
9.400000	0.540000	0.910000	0.040000	6
10.300000	0.330000	0.530000	0.470000	6
9.400000	0.700000	0.560000	0.000000	5
11.800000	0.310000	0.790000	0.400000	7
10.600000	0.470000	0.730000	0.400000	6
12.500000	0.270000	0.530000	0.540000	6
10.700000	0.785000	0.550000	0.000000	6
8.700000	0.240000	0.870000	0.400000	6
13.608376	0.265409	0.848277	0.520682	9
8.649431	1.020912	0.411418	0.084704	2
9.100000	0.600000	0.490000	0.290000	5
11.900000	0.960000	0.440000	0.000000	6
10.100000	0.695000	0.540000	0.130000	5
9.500000	0.780000	0.490000	0.100000	5
10.900000	0.640000	0.700000	0.230000	5
9.826676	1.088509	0.432401	0.067852	2
10.500000	0.500000	0.710000	0.300000	6
9.500000	0.390000	0.490000	0.630000	5
9.400000	0.360000	1.060000	0.600000	5
11.200000	0.370000	0.810000	0.430000	7
10.500000	0.380000	0.730000	0.600000	5
10.000000	0.725000	0.560000	0.240000	6
10.800000	0.370000	0.810000	0.440000	7
9.200000	0.675000	0.530000	0.260000	4
8.800000	0.500000	0.750000	0.500000	5
9.700000	0.745000	0.470000	0.180000	6
11.400000	0.915000	0.730000	0.000000	5
9.000000	0.420000	0.640000	0.310000	5
10.500000	0.540000	1.180000	0.300000	6
11.200000	0.470000	0.800000	0.270000	5
11.100000	0.645000	0.740000	0.490000	5
9.500000	0.660000	0.540000	0.000000	5
11.100000	0.230000	0.630000	0.400000	5
9.500000	0.410000	0.590000	0.240000	5
12.100000	0.330000	0.620000	0.410000	7
9.400000	0.520000	0.630000	0.040000	6
11.200000	0.580000	0.530000	0.130000	6
10.500000	0.360000	0.670000	0.340000	6
8.514328	1.333680	0.453208	0.148637	2
10.700000	0.500000	0.790000	0.490000	6
12.100000	0.530000	0.610000	0.140000	6
9.500000	0.650000	0.550000	0.100000	5
11.400000	0.320000	0.730000	0.560000	6
10.000000	0.560000	0.920000	0.310000	6
10.000000	0.530000	0.640000	0.000000	6
9.800000	0.920000	0.540000	0.240000	5
9.100000	0.725000	0.550000	0.220000	5
10.300000	0.645000	0.460000	0.030000	5
11.000000	0.360000	0.850000	0.460000	7
10.400000	0.800000	0.650000	0.120000	6
9.400000	0.410000	0.520000	0.300000	5
9.700000	0.610000	0.600000	0.020000	6
13.699727	0.322126	0.899222	0.555277	9
9.700000	0.400000	0.630000	0.140000	6
9.500000	0.610000	0.590000	0.140000	5
9.800000	0.610000	0.530000	0.260000	5
9.900000	0.600000	0.490000	0.220000	5
13.631253	0.141704	0.935085	0.533507	10
12.800000	0.350000	0.860000	0.460000	8
9.900000	0.590000	0.520000	0.260000	5
13.619226	0.185663	0.820411	0.667313	10
9.500000	0.430000	0.550000	0.440000	5
9.200000	0.340000	0.620000	0.370000	5
10.400000	0.840000	0.600000	0.630000	6
10.800000	0.380000	0.620000	0.550000	6
8.216636	1.038206	0.320204	0.059498	1
10.800000	0.300000	0.780000	0.630000	6
9.900000	0.600000	0.520000	0.260000	5
9.500000	0.570000	0.680000	0.020000	5
11.500000	0.740000	0.630000	0.030000	6
9.500000	0.730000	0.520000	0.210000	5
9.400000	0.530000	0.570000	0.260000	5
9.400000	0.490000	0.530000	0.110000	5
11.000000	0.440000	0.690000	0.390000	6
10.000000	0.700000	0.530000	0.000000	6
12.000000	0.330000	0.730000	0.380000	7
10.400000	0.400000	0.580000	0.500000	5
10.400000	0.410000	0.620000	0.240000	5
11.900000	0.700000	0.600000	0.150000	6
9.500000	0.655000	0.390000	0.030000	5
12.618186	0.322741	0.750407	0.449641	9
10.800000	0.390000	0.630000	0.660000	7
10.000000	0.430000	0.680000	0.330000	5
9.400000	0.470000	0.530000	0.300000	5
10.800000	0.600000	0.600000	0.140000	6
9.300000	0.370000	0.800000	0.410000	5
14.383780	0.276521	0.820904	0.589662	10
9.700000	0.610000	0.620000	0.260000	5
9.400000	0.380000	0.560000	0.360000	5
11.800000	0.290000	0.630000	0.650000	6
10.000000	0.480000	0.650000	0.320000	7
9.600000	0.520000	0.810000	0.070000	6
9.166223	1.533104	0.425472	0.028333	1
14.089370	0.231349	0.976998	0.640989	10
11.300000	0.400000	0.490000	0.320000	7
9.768156	0.970533	0.513634	0.070044	2
10.800000	0.590000	0.590000	0.060000	7
9.292221	1.027515	0.365182	0.014038	1
14.216100	0.292365	0.832192	0.676550	10
9.048612	1.071428	0.360324	0.026809	2
11.200000	0.480000	0.680000	0.070000	7
10.500000	0.430000	0.580000	0.250000	6
11.000000	0.420000	0.530000	0.480000	5
12.900000	0.510000	0.870000	0.180000	7
10.200000	0.645000	0.710000	0.120000	5
11.800000	0.670000	0.560000	0.000000	4
10.500000	0.370000	0.570000	0.500000	5
10.500000	0.490000	0.760000	0.490000	5
9.106045	1.126040	0.400950	0.087249	2
10.000000	0.460000	0.570000	0.110000	5
13.077979	0.341247	0.848837	0.594239	9
9.400000	0.520000	2.000000	1.000000	4
11.300000	0.410000	0.760000	0.540000	6
9.162791	1.544620	0.438178	0.033168	1
10.100000	0.750000	0.520000	0.120000	5
9.800000	0.735000	0.710000	0.080000	6
10.100000	0.290000	0.610000	0.490000	6
9.200000	0.420000	0.950000	0.530000	5
13.581973	0.193061	0.933412	0.525826	9
12.400000	0.360000	0.930000	0.530000	6
9.500000	0.580000	0.570000	0.020000	7
11.400000	0.540000	0.840000	0.000000	6
9.700000	0.655000	0.550000	0.160000	5
9.400000	0.880000	0.530000	0.280000	5
10.400000	0.430000	0.850000	0.660000	7
11.400000	0.430000	0.870000	0.500000	6
8.712693	1.139647	0.400769	0.071557	1
10.500000	0.550000	0.680000	0.190000	5
13.601156	0.233835	0.942786	0.618593	9
10.000000	0.610000	0.500000	0.190000	6
13.300000	0.410000	0.790000	0.500000	7
8.923920	1.596130	0.414218	0.091925	1
12.000000	0.270000	1.130000	0.530000	7
10.100000	0.570000	0.430000	0.260000	5
9.700000	0.590000	0.560000	0.140000	5
11.000000	0.540000	0.710000	0.270000	5
14.385458	0.177015	0.884898	0.644943	10
13.666034	0.229168	0.936798	0.605153	9
9.700000	0.590000	0.530000	0.020000	6
10.100000	0.690000	0.620000	0.320000	5
9.400000	0.380000	1.050000	0.480000	5
9.319744	1.156148	0.366670	0.136440	2
10.800000	0.300000	0.770000	0.740000	7
9.200000	0.540000	0.610000	0.490000	5
10.500000	0.510000	0.540000	0.020000	6
12.943033	0.226574	0.913301	0.542809	9
9.800000	0.610000	0.650000	0.010000	5
12.000000	0.330000	0.540000	0.590000	6
10.000000	0.520000	0.570000	0.030000	5
8.695648	1.579008	0.389712	0.057235	1
10.900000	0.360000	0.730000	0.390000	6
10.300000	0.320000	0.820000	0.470000	7
10.200000	0.610000	0.600000	0.180000	6
9.900000	0.600000	0.490000	0.220000	5
12.600000	0.320000	0.820000	0.450000	8
9.800000	0.580000	0.590000	0.140000	5
10.500000	0.480000	0.610000	0.540000	6
9.900000	0.770000	0.680000	0.000000	5
9.819709	1.273674	0.383812	0.117784	2
12.700000	0.470000	0.680000	0.490000	6
11.500000	0.620000	0.570000	0.050000	6
9.800000	0.590000	0.710000	0.070000	5
11.400000	0.390000	0.460000	0.430000	5
9.400000	0.795000	0.830000	0.000000	6
13.291264	0.274008	0.899012	0.412897	9
13.026739	0.209190	0.764034	0.538612	9
9.293957	1.484657	0.337614	0.038474	1
9.600000	0.590000	0.670000	0.240000	5
10.000000	0.720000	0.940000	0.550000	5
9.200000	0.650000	0.520000	0.600000	5
11.500000	0.560000	0.540000	0.000000	6
9.800000	0.880000	0.680000	0.000000	5
9.200000	0.680000	1.080000	0.020000	4
9.400000	0.340000	0.480000	0.280000	5
12.947165	0.198268	0.877481	0.420939	9
9.500000	0.500000	0.450000	0.000000	5
13.482181	0.205598	0.980098	0.649887	10
9.453955	1.063819	0.461606	0.018079	2
10.200000	0.690000	0.720000	0.000000	5
11.600000	0.550000	0.820000	0.150000	6
11.400000	0.460000	0.540000	0.170000	5
8.807091	0.996991	0.423485	0.043558	2
10.800000	0.390000	0.610000	0.690000	6
10.100000	0.410000	0.640000	0.310000	6
10.400000	0.320000	0.550000	0.310000	6
9.800000	0.770000	0.500000	0.320000	6
9.300000	0.900000	0.680000	0.340000	5
10.700000	0.590000	0.580000	0.010000	6
13.948083	0.277934	0.954966	0.682839	10
8.769916	1.394976	0.387686	0.067697	2
11.300000	0.240000	0.590000	0.350000	7
12.200000	0.460000	0.620000	0.440000	6
9.800000	0.530000	0.460000	0.010000	5
10.000000	1.000000	0.460000	0.000000	5
9.200000	0.660000	0.480000	0.200000	5
12.900000	0.585000	0.940000	0.000000	7
9.900000	0.880000	0.560000	0.040000	5
8.417048	1.021973	0.367243	0.063503	1
9.300000	0.560000	0.620000	0.200000	5
10.700000	0.330000	0.610000	0.440000	5
11.200000	0.980000	0.460000	0.010000	6
8.874391	0.990378	0.463929	0.085892	2
11.400000	0.380000	0.640000	0.440000	6
13.827062	0.261393	0.791200	0.407307	9
11.300000	0.780000	0.560000	0.230000	5
9.600000	0.745000	0.820000	0.110000	5
9.900000	0.430000	0.540000	0.310000	6
9.500000	0.350000	0.500000	0.410000	5
12.100000	0.480000	0.590000	0.530000	7
11.500000	0.320000	0.770000	0.520000	6
11.200000	1.020000	0.550000	0.000000	4
11.900000	0.200000	0.800000	0.350000	7
10.600000	0.520000	0.860000	0.090000	7
10.400000	0.350000	0.750000	0.490000	6
12.300000	0.470000	0.480000	0.000000	6
11.800000	0.180000	0.780000	0.340000	6
11.100000	0.645000	0.740000	0.490000	5
11.200000	0.190000	0.690000	0.420000	6
9.582436	1.233471	0.515339	0.022960	2
9.600000	0.785000	0.520000	0.190000	6
10.800000	0.520000	0.590000	0.130000	6
10.600000	0.280000	0.670000	0.470000	7
11.800000	0.620000	0.510000	0.010000	6
9.600000	0.820000	0.530000	0.000000	5
10.900000	0.260000	0.870000	0.480000	6
14.000000	0.340000	0.790000	0.000000	6
9.100000	0.410000	0.580000	0.150000	5
9.000000	0.700000	0.600000	0.240000	6
9.900000	1.035000	0.490000	0.150000	5
9.400000	0.820000	0.530000	0.290000	5
10.600000	0.280000	0.680000	0.600000	5
9.200000	0.620000	0.610000	0.100000	5
12.400000	0.480000	0.660000	0.340000	6
9.900000	0.270000	1.080000	0.680000	7
9.200000	0.390000	0.550000	0.480000	5
8.800000	0.500000	0.750000	0.500000	5
10.000000	0.590000	0.590000	0.180000	5
11.000000	0.640000	0.630000	0.000000	5
9.200000	0.490000	0.690000	0.200000	6
10.000000	0.480000	0.560000	0.240000	6
9.500000	0.520000	0.610000	0.340000	5
9.300000	0.730000	0.590000	0.240000	5
10.700000	0.310000	0.860000	0.490000	6
11.000000	0.270000	0.640000	0.340000	7
9.203103	1.469276	0.455231	0.010937	1
10.600000	0.320000	0.970000	0.250000	5
11.000000	0.715000	0.610000	0.190000	5
8.526407	1.168615	0.381633	0.040282	1
9.600000	0.550000	0.670000	0.660000	5
9.900000	0.490000	1.950000	0.280000	6
9.700000	0.390000	0.650000	0.310000	5
9.476285	1.592017	0.315539	0.061190	1
12.400000	0.220000	0.560000	0.490000	6
9.400000	0.470000	0.610000	0.310000	5
10.300000	0.220000	0.870000	0.240000	6
9.300000	0.370000	0.670000	0.230000	5
12.000000	0.420000	0.770000	0.450000	6
10.700000	0.530000	0.590000	0.060000	6
13.300000	0.390000	0.530000	0.120000	6
11.400000	0.380000	0.550000	0.570000	6
9.300000	0.610000	0.400000	0.200000	5
11.000000	0.240000	1.060000	0.490000	6
12.300000	0.320000	0.550000	0.420000	6
10.900000	0.960000	0.440000	0.200000	5
11.200000	0.410000	0.580000	0.330000	5
9.400000	0.540000	0.620000	0.450000	5
12.000000	0.350000	0.520000	0.470000	6
9.200000	0.510000	0.740000	0.280000	5
11.900000	0.300000	0.820000	0.420000	6
10.500000	0.400000	0.770000	0.320000	7
9.500000	0.590000	1.610000	0.500000	6
12.600000	0.410000	0.770000	0.410000	7
11.400000	0.600000	0.570000	0.490000	5
11.500000	0.430000	0.720000	0.300000	7
11.300000	0.670000	0.670000	0.150000	6
10.100000	0.560000	0.560000	0.240000	6
10.100000	0.400000	0.740000	0.160000	7
10.300000	0.590000	0.470000	0.000000	5
11.400000	0.360000	0.700000	0.300000	8
10.300000	0.400000	0.700000	0.120000	6
9.200000	0.660000	0.740000	0.260000	5
9.400000	0.520000	0.520000	0.380000	5
9.800000	0.740000	0.510000	0.280000	5
14.093263	0.225217	0.999117	0.679011	10
13.000000	0.500000	0.630000	0.090000	5
9.500000	0.410000	0.550000	0.310000	6
10.100000	0.560000	0.560000	0.240000	6
12.400000	0.340000	0.780000	0.420000	6
9.800000	0.390000	0.750000	0.470000	6
9.200000	0.320000	1.080000	0.510000	6
10.200000	0.530000	0.560000	0.220000	6
10.300000	0.660000	0.630000	0.000000	5
11.000000	0.660000	0.720000	0.240000	6
13.529905	0.215413	0.821699	0.687812	10
9.000000	0.630000	0.580000	0.000000	6
12.500000	0.400000	0.570000	0.570000	6
9.400000	0.710000	0.550000	0.000000	5
11.900000	0.315000	0.670000	0.400000	6
9.287832	1.275673	0.376113	0.073639	1
11.500000	0.610000	0.700000	0.000000	6
12.959607	0.277797	0.914215	0.469084	9
9.800000	0.590000	0.590000	0.010000	5
13.657852	0.295778	0.976524	0.630054	10
9.100000	0.590000	0.500000	0.290000	5
10.200000	0.440000	0.530000	0.240000	6
9.800000	0.870000	0.720000	0.000000	4
9.200000	0.780000	1.170000	0.510000	5
10.100000	0.600000	0.620000	0.060000	6
9.600000	0.560000	0.440000	0.040000	5
9.250000	0.840000	0.720000	0.210000	6
9.200000	0.340000	0.660000	0.450000	6
11.200000	0.390000	0.870000	0.430000	7
12.500000	0.400000	0.690000	0.500000	8
11.700000	0.420000	0.750000	0.660000	7
9.800000	0.645000	0.590000	0.000000	6
11.200000	0.480000	0.670000	0.300000	7
8.598286	1.055850	0.449630	0.015515	1
11.000000	0.590000	0.650000	0.590000	6
10.500000	0.510000	0.540000	0.020000	6
9.605733	0.986651	0.384274	0.067722	2
11.000000	0.460000	0.730000	0.490000	6
9.500000	0.510000	0.640000	0.240000	6
10.000000	0.645000	0.420000	0.360000	6
11.800000	0.260000	0.630000	0.540000	8
9.300000	0.730000	0.520000	0.020000	5
10.800000	0.815000	0.620000	0.010000	5
11.100000	0.380000	0.650000	0.140000	6
10.900000	1.330000	0.490000	0.000000	5
9.200000	0.360000	0.620000	0.690000	6
8.508589	1.243386	0.513932	0.142688	2
9.600000	0.430000	0.500000	0.390000	5
9.200000	0.420000	0.610000	0.170000	6
11.000000	1.040000	0.570000	0.080000	4
9.000000	0.390000	0.610000	0.300000	5
11.900000	0.350000	0.600000	0.330000	6
14.227270	0.217209	0.880943	0.541133	10
9.500000	0.570000	0.690000	0.310000	6
11.800000	0.520000	0.640000	0.400000	6
