9.4 0.7 0.56 0.0 34.0 5
9.8 0.88 0.68 0.0 67.0 5
9.8 0.76 0.65 0.04 54.0 5
9.8 0.28 0.58 0.56 60.0 6
9.4 0.7 0.56 0.0 34.0 5
9.4 0.66 0.56 0.0 40.0 5
9.4 0.6 0.46 0.06 59.0 5
10.0 0.65 0.47 0.0 21.0 7
9.5 0.58 0.57 0.02 18.0 7
9.2 0.58 0.54 0.08 65.0 5
9.9 0.615 0.52 0.0 59.0 5
9.1 0.61 1.56 0.29 29.0 5
10.5 0.28 0.75 0.56 103.0 7
9.2 0.32 1.08 0.51 56.0 6
9.7 0.39 0.65 0.31 71.0 5
9.5 0.43 0.91 0.21 37.0 5
9.4 0.49 0.53 0.11 67.0 5
9.7 0.4 0.63 0.14 40.0 6
9.3 0.39 0.56 0.16 23.0 5
9.5 0.41 0.59 0.24 11.0 5
9.4 0.71 0.55 0.0 35.0 5
9.8 0.645 0.59 0.0 16.0 6
10.1 0.675 0.54 0.07 82.0 5
9.8 0.655 0.66 0.12 113.0 5
9.2 0.32 0.55 0.25 50.0 5
9.6 0.645 0.55 0.0 18.0 6
10.8 0.6 0.6 0.14 15.0 6
9.7 0.38 0.73 0.28 30.0 7
10.5 0.45 0.83 0.36 87.0 5
9.3 0.61 0.51 0.3 46.0 4
10.5 0.49 0.9 0.2 14.0 6
10.3 0.66 1.2 0.22 23.0 5
13.1 0.52 0.56 0.15 65.0 4
9.2 0.935 0.73 0.43 114.0 5
9.2 0.66 0.74 0.26 23.0 5
9.4 0.52 0.63 0.04 15.0 6
9.4 0.5 0.64 0.04 14.0 6
9.4 0.38 0.56 0.36 119.0 5
10.2 0.51 0.63 0.15 73.0 6
9.6 0.42 0.63 0.57 10.0 5
10.0 0.59 0.59 0.18 54.0 5
9.4 0.39 0.54 0.31 46.0 6
9.2 0.4 0.64 0.4 52.0 5
9.3 0.69 0.71 0.49 112.0 5
9.8 0.735 0.57 0.05 54.0 5
10.9 0.725 0.39 0.05 11.0 5
10.9 0.725 0.39 0.05 11.0 5
10.7 0.705 0.58 0.07 15.0 5
10.5 0.705 0.95 0.05 19.0 6
9.5 0.69 0.48 0.22 94.0 5
9.2 0.675 0.53 0.26 43.0 4
10.5 0.41 0.66 0.64 42.0 5
10.7 0.785 0.55 0.0 30.0 6
10.1 0.75 0.52 0.12 80.0 5
9.1 0.625 1.12 0.2 119.0 4
9.2 0.45 0.56 0.2 15.0 5
9.1 0.5 0.57 0.47 73.0 5
10.3 0.3 0.78 0.48 61.0 6
10.1 0.55 0.59 0.15 40.0 5
9.9 0.49 1.95 0.28 136.0 6
9.6 0.49 0.64 0.26 31.0 5
9.5 0.39 1.22 0.44 125.0 5
9.0 0.62 0.53 0.08 24.0 5
9.5 0.52 0.54 0.26 140.0 5
9.9 0.49 1.95 0.28 136.0 6
9.6 0.49 0.64 0.26 31.0 5
10.5 1.02 0.48 0.04 85.0 4
10.7 0.775 0.56 0.0 23.0 5
9.8 0.9 0.56 0.06 10.0 5
9.0 0.545 0.59 0.18 35.0 6
10.2 0.61 0.61 0.3 50.0 6
9.0 0.545 0.59 0.18 35.0 6
9.2 0.575 0.51 0.22 65.0 5
9.4 0.49 0.48 0.24 36.0 5
9.2 0.575 0.51 0.22 65.0 5
9.3 0.41 1.31 0.68 69.0 5
9.3 0.63 0.79 0.31 64.0 5
9.5 0.56 0.93 0.19 47.0 5
9.8 0.62 0.66 0.09 108.0 5
9.7 0.31 0.67 0.44 46.0 6
9.5 0.56 0.93 0.19 47.0 5
10.5 0.4 0.63 0.31 62.0 6
10.0 0.54 0.61 0.28 40.0 6
9.0 1.07 0.57 0.09 89.0 5
10.9 0.55 0.6 0.04 56.0 6
9.2 0.695 0.52 0.0 13.0 5
9.5 0.5 0.48 0.17 102.0 5
10.9 1.33 0.49 0.0 12.0 5
10.9 1.33 0.48 0.0 12.0 5
10.5 0.59 0.92 0.16 16.0 7
9.4 0.745 0.66 0.56 134.0 5
13.0 0.5 0.63 0.09 99.0 5
9.9 1.04 0.55 0.05 29.0 6
9.6 0.745 0.82 0.11 63.0 5
9.2 0.415 0.64 0.36 45.0 5
9.6 0.745 0.82 0.11 63.0 5
14.0 0.34 0.79 0.0 63.0 6
9.4 0.39 0.58 0.08 20.0 5
14.0 0.34 0.79 0.0 63.0 6
9.4 0.67 0.62 0.55 141.0 5
10.0 0.68 0.52 0.02 94.0 5
10.2 0.49 0.58 0.1 30.0 6
10.3 0.33 0.53 0.47 11.0 6
9.4 0.52 2.0 1.0 69.0 4
10.1 0.6 0.54 0.03 99.0 5
10.1 0.6 0.54 0.03 99.0 5
10.5 0.43 0.71 0.42 128.0 5
10.5 0.43 0.72 0.42 129.0 5
10.5 0.43 0.71 0.42 128.0 5
9.3 0.68 0.5 0.0 22.0 5
9.3 0.6 0.57 0.18 86.0 6
9.6 0.95 0.56 0.03 20.0 5
9.2 0.68 1.08 0.02 20.0 4
10.0 0.53 0.56 0.04 31.0 6
9.4 0.6 0.49 0.26 121.0 5
9.4 0.59 0.49 0.26 121.0 5
9.5 0.63 0.62 0.48 96.0 5
10.2 0.64 0.52 0.1 101.0 5
9.0 0.55 0.48 0.03 42.0 4
10.4 0.63 0.55 0.07 44.0 6
9.1 0.885 0.33 0.03 8.0 4
9.2 0.42 0.61 0.17 18.0 6
11.5 0.62 0.57 0.05 42.0 6
9.5 0.5 0.78 0.04 49.0 5
9.5 0.38 0.47 0.21 35.0 5
10.5 0.52 0.61 0.42 38.0 6
9.6 0.805 0.56 0.0 20.0 5
9.5 0.61 0.59 0.14 42.0 5
9.5 0.61 0.59 0.14 42.0 5
9.3 0.61 1.02 0.49 110.0 5
9.3 0.73 0.52 0.02 42.0 5
9.3 0.61 0.58 0.2 65.0 5
9.3 0.62 0.58 0.21 62.0 6
9.7 0.31 0.53 0.57 85.0 5
9.2 0.39 0.55 0.48 67.0 5
9.5 0.5 0.55 0.33 143.0 5
9.4 0.5 0.62 0.35 127.0 5
9.8 0.37 0.62 0.25 49.0 6
9.7 0.55 0.55 0.21 28.0 5
9.7 0.55 0.55 0.21 28.0 5
10.2 0.58 0.59 0.3 55.0 5
10.1 0.3 0.97 0.6 27.0 6
11.4 1.09 0.43 0.06 31.0 4
10.3 0.32 0.82 0.47 24.0 7
9.2 0.43 0.56 0.36 37.0 6
10.8 0.3 0.77 0.74 28.0 7
10.8 0.3 0.77 0.74 28.0 7
9.4 0.44 0.67 0.28 95.0 5
12.4 0.53 0.86 0.6 19.0 6
10.0 0.725 0.56 0.24 62.0 6
10.1 0.57 0.43 0.26 65.0 5
9.8 0.735 0.71 0.08 41.0 6
10.5 0.49 0.76 0.49 121.0 5
11.0 0.625 0.57 0.16 49.0 5
9.1 0.725 0.55 0.22 41.0 5
9.7 0.49 0.54 0.19 44.0 5
9.4 0.34 0.59 0.37 58.0 6
9.4 0.53 0.57 0.26 72.0 5
9.5 0.61 0.6 0.04 10.0 5
10.0 0.645 0.6 0.25 28.0 6
10.5 0.43 0.58 0.25 63.0 6
9.5 0.59 1.61 0.5 81.0 6
12.2 0.48 0.62 0.04 106.0 7
9.9 0.38 0.52 0.06 49.0 6
9.6 0.37 0.7 0.2 58.0 6
9.0 1.0 0.55 0.09 37.0 6
9.0 0.63 0.58 0.0 38.0 6
9.3 0.635 1.09 0.37 62.0 5
10.9 0.38 0.71 0.56 24.0 6
9.8 0.58 0.49 0.1 109.0 6
9.2 0.21 0.84 0.44 24.0 7
9.2 0.21 0.84 0.44 24.0 7
9.9 0.66 0.96 0.0 23.0 6
9.5 0.68 0.52 0.07 51.0 5
9.9 0.66 0.96 0.0 23.0 6
10.0 0.32 0.78 0.44 37.0 6
9.9 0.6 0.7 0.0 34.0 6
10.5 0.35 0.53 0.48 21.0 5
9.5 0.775 0.59 0.42 86.0 5
9.3 0.57 0.57 0.23 119.0 5
9.2 0.34 0.62 0.37 13.0 5
9.2 0.695 0.67 0.0 56.0 5
9.4 0.41 1.26 0.76 45.0 5
10.5 0.31 0.8 0.47 33.0 7
9.3 0.33 0.65 0.23 45.0 5
9.4 0.975 0.6 0.04 67.0 4
10.0 0.52 0.57 0.03 35.0 5
9.3 0.37 0.67 0.23 49.0 5
10.9 0.56 0.87 0.49 27.0 5
9.8 0.87 0.72 0.0 61.0 4
12.8 0.35 0.86 0.46 37.0 8
9.4 0.54 0.91 0.04 27.0 6
10.1 0.18 0.97 0.51 23.0 6
10.7 0.545 0.67 0.06 61.0 6
10.7 0.545 0.67 0.06 61.0 6
9.4 0.54 0.91 0.04 27.0 6
10.1 0.18 0.97 0.51 23.0 6
12.6 0.32 0.82 0.45 13.0 8
10.5 0.4 0.77 0.32 47.0 7
9.3 0.26 0.82 0.44 19.0 6
9.9 0.27 1.08 0.68 10.0 7
10.5 0.4 0.77 0.32 47.0 7
9.8 0.59 0.71 0.07 71.0 5
9.8 0.59 0.71 0.07 71.0 5
10.3 0.45 0.76 0.55 49.0 6
10.3 0.4 0.7 0.12 53.0 6
10.6 0.52 0.86 0.09 49.0 7
9.2 0.42 0.95 0.53 98.0 5
10.6 0.52 0.86 0.09 49.0 7
10.3 0.55 0.64 0.23 48.0 6
10.1 0.36 0.6 0.25 16.0 6
9.5 0.34 0.81 0.52 53.0 6
9.5 0.5 0.64 0.46 27.0 5
9.9 0.83 0.52 0.37 70.0 5
9.6 0.63 0.73 0.06 29.0 5
9.7 0.65 0.8 0.02 31.0 5
10.7 0.53 0.59 0.06 44.0 6
10.1 0.18 0.64 0.48 15.0 6
10.0 0.705 0.72 0.12 28.0 5
9.2 0.65 0.52 0.6 90.0 5
9.4 0.62 0.52 0.32 54.0 5
9.5 0.41 0.62 0.42 14.0 6
9.5 0.43 0.63 0.44 12.0 6
9.4 0.53 0.54 0.24 105.0 6
9.5 0.46 0.63 0.31 98.0 6
9.4 0.47 0.53 0.3 135.0 5
11.0 0.36 0.68 0.29 72.0 5
11.5 0.66 0.71 0.39 59.0 7
10.4 0.77 0.64 0.12 74.0 6
9.7 0.61 0.62 0.26 87.0 5
9.2 0.49 0.69 0.2 50.0 6
9.2 0.49 0.69 0.2 50.0 6
11.5 0.53 0.74 0.66 14.0 7
11.5 0.44 0.83 0.5 13.0 5
9.7 0.27 0.67 0.62 21.0 6
11.0 0.56 0.52 0.08 44.0 5
11.7 0.65 0.74 0.01 38.0 7
12.2 0.695 0.84 0.53 21.0 7
12.5 0.43 0.7 0.45 16.0 6
10.3 0.43 0.64 0.32 58.0 5
9.8 0.28 1.36 0.54 29.0 7
9.8 0.39 0.75 0.47 14.0 6
9.8 0.39 0.75 0.47 14.0 6
10.7 0.57 0.78 0.5 32.0 6
12.0 0.49 0.93 0.67 15.0 6
10.0 0.56 0.92 0.31 46.0 6
9.4 0.795 0.83 0.0 26.0 6
9.3 0.665 0.73 0.0 19.0 5
13.0 0.53 0.77 0.79 77.0 5
11.9 0.21 0.59 0.4 165.0 6
12.8 0.75 0.61 0.01 32.0 6
11.0 0.41 0.88 0.52 55.0 5
11.7 0.42 0.75 0.66 29.0 7
10.4 0.43 0.85 0.66 23.0 7
9.8 0.38 0.68 0.66 41.0 6
9.4 0.7 0.7 0.23 81.0 5
9.9 0.45 0.91 0.31 50.0 6
10.0 0.58 0.56 0.66 37.0 5
10.2 0.46 0.87 0.63 15.0 5
10.0 0.615 0.73 0.66 42.0 7
10.0 0.615 0.73 0.66 42.0 7
9.0 0.575 0.69 0.61 24.0 5
12.0 0.27 1.13 0.53 18.0 7
8.7 0.24 0.87 0.4 25.0 6
10.6 0.28 1.04 0.48 46.0 6
11.0 0.45 1.11 0.5 47.0 6
12.0 0.27 1.13 0.53 18.0 7
13.3 0.625 0.99 0.66 24.0 6
9.4 0.26 0.8 0.42 27.0 6
9.2 0.51 0.74 0.28 54.0 5
9.2 0.46 0.74 0.26 53.0 6
12.9 0.85 0.82 0.05 88.0 8
10.0 0.415 0.8 0.68 43.0 6
9.5 0.37 0.51 0.52 26.0 5
13.0 0.37 0.6 0.76 38.0 7
9.9 0.735 0.53 0.02 124.0 5
11.0 0.59 0.65 0.59 49.0 6
9.4 0.765 0.55 0.22 42.0 5
9.9 0.735 0.53 0.02 124.0 5
10.5 0.48 0.61 0.54 64.0 6
10.5 0.6 0.63 0.49 41.0 6
9.1 0.69 0.61 0.05 27.0 5
10.8 0.44 0.65 0.47 28.0 6
10.8 0.39 0.63 0.66 30.0 7
9.6 0.46 0.57 0.49 49.0 4
9.5 0.43 0.62 0.34 86.0 6
9.3 0.735 0.64 0.16 77.0 5
11.7 0.4 0.82 0.53 19.0 7
9.5 0.52 0.61 0.34 122.0 5
9.3 0.725 1.07 0.24 134.0 5
11.7 0.48 0.66 0.64 20.0 6
10.5 0.58 0.48 0.12 124.0 5
10.4 0.38 0.76 0.51 20.0 6
9.9 0.77 0.68 0.0 52.0 5
12.3 0.84 0.56 0.03 48.0 7
10.9 0.96 0.44 0.2 60.0 5
11.0 0.24 0.9 0.47 24.0 7
12.3 0.84 0.56 0.03 48.0 7
11.4 0.67 0.49 0.08 48.0 6
10.6 0.78 0.56 0.22 32.0 6
9.3 0.52 0.6 0.33 30.0 5
10.4 0.84 0.6 0.63 35.0 6
11.0 0.24 0.9 0.47 24.0 7
9.2 0.55 0.56 0.35 66.0 5
9.5 0.39 0.49 0.63 18.0 5
9.9 0.41 0.89 0.55 54.0 6
9.5 0.39 0.49 0.63 18.0 5
10.2 0.67 0.56 0.3 62.0 6
11.2 0.45 0.66 0.73 22.0 6
9.3 0.62 0.6 0.18 50.0 5
9.8 0.31 0.82 0.72 29.0 8
11.2 0.685 0.68 0.76 43.0 7
12.5 0.57 0.84 0.01 27.0 7
10.5 0.38 0.73 0.6 72.0 5
11.2 0.48 0.72 0.29 16.0 5
10.2 0.53 0.56 0.22 27.0 6
10.8 0.39 0.61 0.69 35.0 6
10.8 0.39 0.61 0.69 35.0 6
10.0 0.56 0.63 0.03 35.0 6
11.2 0.33 0.74 0.63 22.0 7
11.1 0.23 0.63 0.4 67.0 5
13.4 0.62 0.69 0.67 19.0 8
10.3 0.59 0.58 0.39 22.0 5
9.6 0.63 0.58 0.21 65.0 5
9.0 0.58 0.57 0.66 47.0 3
11.3 0.43 0.61 0.52 23.0 6
9.3 0.615 0.61 0.22 19.0 5
9.2 0.315 0.7 0.54 15.0 6
11.5 0.5 0.72 0.42 51.0 6
14.0 0.46 0.79 0.45 18.0 6
9.2 0.36 0.62 0.69 21.0 6
9.8 0.82 0.58 0.02 48.0 5
10.6 0.32 0.61 0.65 47.0 5
11.4 0.54 0.71 0.42 52.0 6
10.4 0.37 0.82 0.55 68.0 6
10.2 0.68 0.6 0.24 28.0 5
9.7 0.27 0.7 0.41 16.0 5
11.0 0.24 1.06 0.49 20.0 6
10.1 0.685 0.7 0.11 31.0 6
9.2 0.28 0.66 0.39 23.0 5
11.7 0.3 0.92 0.56 17.0 8
9.4 0.36 1.06 0.6 18.0 5
10.0 0.67 0.47 0.39 17.0 5
10.0 0.645 0.42 0.36 14.0 6
10.2 0.39 0.75 0.4 26.0 6
13.3 0.41 0.79 0.5 25.0 7
13.4 0.4 0.9 0.51 27.0 7
11.6 0.69 0.74 0.31 81.0 6
12.1 0.39 0.55 0.23 91.0 6
11.0 0.35 0.65 0.53 16.0 8
9.0 0.52 0.65 0.25 38.0 6
11.1 0.34 0.79 0.32 113.0 5
11.0 0.35 0.65 0.53 16.0 8
11.6 0.69 0.74 0.31 81.0 6
9.0 0.52 0.65 0.25 38.0 6
12.0 0.44 0.85 0.73 76.0 7
12.0 0.44 0.85 0.73 76.0 7
10.8 0.24 1.05 0.42 22.0 7
12.5 0.49 0.78 0.63 26.0 7
10.8 0.24 1.02 0.46 21.0 7
9.5 0.67 0.71 0.55 13.0 6
11.4 0.29 0.68 0.75 43.0 7
10.2 0.59 0.63 0.31 62.0 6
9.7 0.4 0.81 0.48 49.0 6
11.8 0.51 0.66 0.64 15.0 7
11.8 0.51 0.66 0.64 15.0 7
9.3 0.655 1.14 0.49 151.0 5
11.9 0.6 0.74 0.49 14.0 6
8.4 0.61 0.63 0.49 16.0 3
10.0 0.25 0.9 0.49 33.0 6
9.4 0.4 0.55 0.49 142.0 5
9.5 0.43 0.64 0.49 116.0 5
11.4 0.38 0.77 0.49 85.0 6
9.4 0.63 0.57 0.24 33.0 5
10.3 0.22 0.87 0.24 28.0 6
10.3 0.38 0.61 0.49 42.0 5
10.3 0.38 0.61 0.49 42.0 5
12.8 0.27 0.66 0.24 33.0 6
10.0 0.48 0.56 0.24 32.0 6
10.3 0.22 0.87 0.24 28.0 6
9.4 0.63 0.57 0.24 33.0 5
10.7 0.825 0.77 0.24 13.0 6
12.0 0.35 0.66 0.49 35.0 7
11.2 0.5 0.62 0.74 17.0 5
9.6 0.59 0.67 0.24 47.0 5
11.0 0.46 0.73 0.49 17.0 6
9.9 0.715 0.59 0.24 20.0 5
11.0 0.66 0.72 0.24 53.0 6
8.4 0.31 0.79 0.74 15.0 6
9.1 0.47 0.59 0.49 106.0 5
9.5 0.55 0.78 0.24 28.0 6
10.7 0.31 0.86 0.49 21.0 6
10.4 0.35 0.75 0.49 69.0 6
9.5 0.51 0.56 0.01 25.0 6
10.0 0.43 0.73 0.24 45.0 6
10.0 0.46 0.74 0.24 44.0 6
11.5 1.04 0.62 0.24 96.0 5
11.1 0.645 0.74 0.49 23.0 5
11.7 0.53 0.56 0.49 17.0 6
11.1 0.645 0.74 0.49 23.0 5
12.7 0.47 0.68 0.49 47.0 6
11.4 0.6 0.57 0.49 19.0 5
9.2 0.54 0.61 0.49 110.0 5
10.1 0.29 0.61 0.49 60.0 6
12.7 0.47 0.68 0.49 47.0 6
11.4 0.6 0.57 0.49 19.0 5
9.0 0.7 0.6 0.24 15.0 6
10.7 0.5 0.79 0.49 20.0 6
11.7 0.36 0.57 0.24 42.0 6
11.0 0.35 0.91 0.49 37.0 6
10.4 0.24 0.61 0.49 28.0 5
10.0 0.5 0.52 0.24 14.0 4
9.5 0.44 0.6 0.49 111.0 5
9.8 0.47 0.6 0.49 110.0 5
9.8 0.31 0.51 0.49 40.0 6
9.6 0.5 0.44 0.49 14.0 5
9.6 0.5 0.44 0.49 14.0 5
9.9 0.28 0.66 0.49 21.0 7
9.3 0.73 0.59 0.24 102.0 5
14.0 0.42 0.74 0.24 50.0 8
9.7 0.45 0.57 0.49 75.0 5
11.5 0.39 0.5 0.49 149.0 6
9.7 0.45 0.57 0.49 75.0 5
9.0 0.49 0.58 0.58 43.0 5
9.3 0.595 0.57 0.41 109.0 5
9.3 0.4 0.6 0.51 24.0 6
9.8 0.585 0.48 0.18 30.0 6
9.3 0.835 0.52 0.0 14.0 5
9.1 0.58 0.62 0.13 63.0 6
10.5 0.48 0.53 0.41 52.0 6
10.4 0.65 0.64 0.37 65.0 6
12.7 0.36 0.52 0.19 39.0 6
9.2 0.24 0.54 0.54 57.0 5
9.4 0.38 0.54 0.55 16.0 5
10.0 0.64 0.6 0.0 29.0 6
9.7 0.6 0.57 0.5 71.0 5
9.8 0.31 0.93 0.51 28.0 6
9.3 0.37 0.8 0.41 16.0 5
9.4 0.54 0.61 0.24 112.0 5
9.4 0.56 0.62 0.23 104.0 5
9.5 0.58 0.55 0.22 32.0 5
10.2 0.69 0.72 0.0 58.0 5
9.1 0.6 0.49 0.29 15.0 5
9.1 0.6 0.49 0.29 15.0 5
9.3 0.54 0.6 0.26 31.0 6
9.3 0.685 0.61 0.23 84.0 5
9.3 0.54 0.6 0.26 31.0 6
9.5 0.28 0.63 0.54 19.0 5
10.5 0.41 0.57 0.14 43.0 6
11.3 0.935 0.64 0.22 86.0 4
9.5 0.35 0.58 0.21 102.0 5
9.7 0.84 0.55 0.0 33.0 5
9.4 0.88 0.53 0.28 147.0 5
9.4 0.885 0.53 0.27 145.0 5
10.3 0.29 1.36 0.35 57.0 6
9.4 0.54 0.62 0.45 40.0 5
9.4 0.54 0.62 0.45 40.0 5
9.4 0.54 0.62 0.45 40.0 5
11.0 0.845 0.58 0.01 14.0 4
11.2 0.48 0.67 0.3 28.0 7
11.3 0.42 0.57 0.27 148.0 6
9.6 0.43 0.5 0.39 32.0 5
14.9 0.36 0.84 0.65 71.0 5
12.0 0.33 0.54 0.59 30.0 6
9.5 0.47 0.46 0.47 29.0 5
9.4 0.55 0.61 0.17 53.0 5
9.6 0.43 0.5 0.39 32.0 5
10.5 0.5 0.68 0.59 42.0 7
9.6 0.52 0.81 0.07 20.0 6
9.6 0.52 0.81 0.07 20.0 6
9.0 0.42 0.64 0.31 42.0 5
9.6 0.57 0.7 0.06 27.0 6
9.7 0.59 0.56 0.14 48.0 5
9.5 0.49 0.6 0.36 16.0 6
9.2 0.34 0.66 0.45 15.0 6
9.2 0.34 0.66 0.45 15.0 6
9.5 0.73 0.52 0.21 13.0 5
9.5 0.73 0.52 0.21 13.0 5
9.3 0.4 0.67 0.41 17.0 6
9.9 0.8 0.48 0.11 31.0 5
10.0 0.78 0.53 0.1 87.0 5
9.6 0.26 0.54 0.45 49.0 5
10.2 0.45 0.49 0.23 29.0 6
9.8 0.46 0.54 0.31 58.0 5
11.3 0.78 0.56 0.23 15.0 5
9.4 0.98 0.48 0.32 152.0 5
11.3 0.78 0.56 0.23 15.0 5
9.4 0.66 0.47 0.04 9.0 5
9.4 0.38 1.05 0.48 17.0 5
9.8 0.92 0.54 0.24 93.0 5
9.0 0.49 1.17 0.51 62.0 5
9.4 0.48 0.62 0.32 122.0 5
9.4 0.47 0.61 0.31 125.0 5
12.8 0.47 0.62 0.02 44.0 6
9.5 0.65 0.67 0.02 25.0 6
9.7 0.615 0.53 0.28 72.0 5
10.8 0.38 0.62 0.55 19.0 6
10.1 1.02 0.57 0.43 88.0 6
9.5 0.65 0.67 0.02 25.0 6
9.4 0.64 0.67 0.02 23.0 6
9.6 0.38 0.7 0.48 84.0 4
9.7 0.765 0.54 0.04 14.0 4
9.9 1.035 0.49 0.15 54.0 5
10.0 0.78 0.47 0.08 19.0 5
10.5 0.49 0.51 0.19 37.0 5
11.6 0.545 0.61 0.12 35.0 6
10.1 1.025 0.57 0.43 84.0 5
9.5 0.565 0.61 0.34 112.0 5
9.8 0.74 0.51 0.28 77.0 5
10.0 0.46 0.57 0.11 49.0 5
9.6 0.56 0.44 0.04 22.0 5
9.5 0.66 0.54 0.0 45.0 5
9.6 0.56 0.44 0.04 22.0 5
9.2 0.48 0.53 0.24 106.0 5
9.5 0.31 1.62 0.3 127.0 5
10.4 0.66 0.55 0.17 13.0 5
11.1 0.72 0.72 0.09 49.0 6
9.5 0.57 0.68 0.02 11.0 5
9.5 0.57 0.68 0.02 11.0 5
12.7 0.865 0.49 0.03 58.0 6
9.6 0.55 0.67 0.66 37.0 5
11.5 0.875 0.52 0.13 14.0 5
9.6 0.835 0.47 0.03 19.0 5
9.5 0.45 0.6 0.34 72.0 5
9.3 0.56 0.62 0.2 39.0 5
9.5 0.965 0.5 0.1 22.0 5
9.3 0.59 0.65 0.0 58.0 6
9.3 0.69 0.6 0.0 38.0 5
11.5 0.76 0.68 0.29 16.0 6
9.5 0.53 0.57 0.24 139.0 5
9.5 0.39 0.51 0.54 101.0 5
9.5 0.51 0.73 0.18 28.0 6
9.0 0.34 0.47 0.38 57.0 6
9.6 0.5 0.72 0.18 31.0 6
9.5 0.51 0.73 0.18 28.0 6
9.5 0.65 0.55 0.1 40.0 5
9.4 0.54 0.61 0.13 66.0 5
9.5 0.65 0.55 0.1 40.0 5
9.1 0.48 1.06 0.68 32.0 6
10.7 0.91 0.43 0.07 47.0 6
11.2 0.98 0.46 0.01 33.0 6
9.8 0.87 0.5 0.0 31.0 5
9.8 0.87 0.5 0.0 31.0 5
9.2 0.42 0.52 0.21 88.0 5
9.7 0.58 0.57 0.25 104.0 5
9.6 0.655 0.42 0.26 35.0 5
10.0 0.7 0.53 0.0 19.0 6
9.5 0.68 0.55 0.11 44.0 6
9.5 0.67 0.54 0.1 48.0 6
9.4 0.59 0.54 0.18 74.0 5
9.7 0.59 0.53 0.02 94.0 6
9.6 0.72 0.54 0.01 32.0 5
9.7 0.59 0.53 0.02 94.0 6
9.4 0.685 0.55 0.26 143.0 5
9.4 0.57 0.55 0.27 144.0 5
9.5 0.4 0.92 0.29 44.0 6
10.0 1.0 0.46 0.0 16.0 5
10.3 0.635 0.59 0.17 18.0 6
10.5 0.43 0.61 0.3 34.0 5
9.8 0.52 0.6 0.03 92.0 5
9.4 0.57 0.6 0.0 45.0 6
9.8 0.46 0.65 0.14 37.0 5
9.8 0.59 0.59 0.01 85.0 5
9.5 0.35 0.5 0.41 61.0 5
10.1 0.56 0.56 0.24 58.0 6
10.1 0.56 0.56 0.24 58.0 6
9.3 0.63 0.52 0.17 119.0 5
9.7 0.37 0.68 0.43 82.0 6
9.6 0.64 0.54 0.17 130.0 5
9.7 0.61 0.6 0.02 87.0 6
10.8 0.6 0.56 0.0 13.0 5
12.5 0.27 0.53 0.54 26.0 6
10.2 0.89 1.18 0.3 60.0 5
9.6 0.46 0.74 0.31 64.0 5
10.8 0.37 0.81 0.44 42.0 7
10.7 0.5 0.52 0.34 14.0 6
10.0 0.55 0.44 0.09 17.0 5
12.9 0.585 0.94 0.0 86.0 7
9.6 0.56 0.66 0.08 46.0 6
9.9 0.52 0.57 0.22 18.0 6
12.5 0.25 0.71 0.39 10.0 7
9.2 0.53 0.86 0.12 12.0 5
10.3 0.48 0.55 0.31 15.0 6
10.5 0.49 0.47 0.1 14.0 5
10.9 0.5 0.68 0.55 24.0 6
11.4 0.39 0.58 0.24 7.0 4
11.3 0.41 0.76 0.54 41.0 6
9.6 0.66 0.54 0.15 59.0 5
9.7 0.685 0.6 0.0 22.0 5
14.0 0.42 0.74 0.0 42.0 7
9.8 0.54 0.64 0.13 36.0 5
10.3 0.48 0.53 0.28 16.0 5
11.0 0.27 0.64 0.34 8.0 7
10.7 0.46 0.49 0.14 37.0 5
10.9 0.685 0.55 0.07 9.0 4
11.1 0.61 0.77 0.08 24.0 6
9.9 0.47 0.86 0.44 51.0 4
11.7 0.28 0.39 0.28 100.0 7
11.7 0.28 0.39 0.28 100.0 7
11.2 0.31 0.83 0.35 28.0 7
10.3 0.66 0.63 0.0 31.0 5
10.9 0.5 0.72 0.45 68.0 6
9.4 0.685 0.62 0.35 92.0 5
9.8 0.64 0.66 0.21 31.0 5
9.9 0.68 0.7 0.16 39.0 6
9.8 0.64 0.66 0.21 31.0 5
9.5 0.43 0.55 0.44 22.0 5
9.5 0.43 0.55 0.44 22.0 5
10.9 0.36 0.73 0.39 55.0 6
10.9 0.36 0.73 0.39 55.0 6
10.9 0.36 0.73 0.39 55.0 6
11.3 0.26 0.78 0.34 47.0 7
10.6 0.28 0.67 0.47 32.0 7
9.5 0.62 0.54 0.06 85.0 5
10.4 0.42 0.44 0.32 25.0 5
9.7 0.62 0.53 0.06 84.0 5
9.7 0.635 0.54 0.07 86.0 5
10.6 0.56 0.57 0.03 46.0 5
10.0 0.35 0.54 0.24 48.0 4
11.8 0.31 0.79 0.4 16.0 7
11.8 0.715 0.57 0.01 43.0 6
11.4 0.715 0.65 0.0 35.0 6
12.0 0.31 0.78 0.29 26.0 6
10.0 0.61 0.5 0.19 69.0 6
10.5 0.75 0.64 0.14 30.0 5
10.4 0.8 0.65 0.12 28.0 6
11.2 0.57 0.56 0.0 64.0 6
9.3 0.9 0.68 0.34 99.0 5
9.7 0.66 0.57 0.03 86.0 5
9.3 0.45 0.65 0.23 18.0 6
9.7 0.66 0.57 0.03 86.0 5
9.8 0.63 0.58 0.03 88.0 6
10.7 0.59 0.58 0.01 43.0 6
12.5 0.31 0.77 0.39 43.0 7
10.7 0.59 0.58 0.01 43.0 6
12.5 0.31 0.77 0.39 43.0 7
11.8 0.31 0.69 0.36 39.0 5
10.8 0.635 0.69 0.1 33.0 7
10.8 0.635 0.69 0.1 33.0 7
10.8 0.59 0.59 0.06 18.0 7
11.0 0.54 0.71 0.27 78.0 5
11.5 0.56 0.54 0.0 9.0 6
10.8 0.52 0.59 0.13 61.0 6
13.2 0.38 0.57 0.48 11.0 6
10.9 0.28 0.6 0.46 9.0 6
12.2 0.46 0.62 0.44 8.0 6
11.9 0.315 0.67 0.4 6.0 6
11.0 0.715 0.61 0.19 62.0 5
10.1 0.41 0.64 0.31 45.0 6
11.0 0.36 0.72 0.32 79.0 6
11.8 0.62 0.89 0.12 46.0 6
10.5 0.41 0.56 0.37 23.0 5
11.8 0.62 0.89 0.12 46.0 6
11.2 0.47 0.8 0.27 28.0 5
11.0 0.22 0.87 0.36 77.0 7
10.2 0.24 0.9 0.33 73.0 6
9.2 0.67 0.59 0.19 75.0 4
11.2 0.47 0.8 0.27 28.0 5
12.0 0.33 0.73 0.38 19.0 7
9.8 0.61 0.65 0.01 38.0 5
9.5 0.4 0.59 0.29 66.0 6
10.5 0.61 0.73 0.01 25.0 5
11.8 0.3 0.72 0.38 72.0 6
11.4 0.46 0.54 0.17 11.0 5
12.5 0.27 0.52 0.49 17.0 7
10.0 0.43 0.64 0.4 52.0 7
12.1 0.3 0.64 0.49 24.0 7
12.0 0.44 0.99 0.58 24.0 7
12.4 0.28 0.62 0.48 12.0 7
11.9 0.12 0.76 0.45 21.0 7
11.9 0.12 0.76 0.45 21.0 7
12.4 0.28 0.62 0.48 12.0 7
11.2 0.31 0.68 0.4 10.0 7
12.1 0.34 0.69 0.48 9.0 7
10.4 0.21 0.67 0.52 23.0 5
11.3 0.36 0.62 0.52 10.0 6
11.3 0.57 0.71 0.12 36.0 7
11.1 0.47 0.85 0.27 38.0 6
9.3 0.56 0.62 0.14 18.0 5
9.5 0.57 0.69 0.02 16.0 5
11.1 0.47 0.85 0.27 38.0 6
9.2 0.66 0.48 0.2 113.0 5
12.2 0.4 0.6 0.43 46.0 6
10.9 0.26 0.87 0.48 10.0 6
12.1 0.33 0.62 0.41 13.0 7
9.4 0.41 0.52 0.3 72.0 5
9.1 0.59 0.5 0.29 119.0 5
11.3 0.4 0.49 0.32 29.0 7
10.5 0.5 0.71 0.3 17.0 6
10.0 0.86 0.62 0.26 28.0 5
12.9 0.52 0.82 0.32 70.0 6
10.5 0.5 0.71 0.3 17.0 6
11.3 0.58 0.58 0.0 11.0 6
9.4 0.36 0.5 0.3 70.0 5
9.4 0.39 0.49 0.12 27.0 5
10.9 0.295 0.51 0.4 21.0 6
9.4 0.39 0.49 0.12 27.0 5
9.4 0.34 0.48 0.28 68.0 5
9.4 0.34 0.48 0.28 68.0 5
10.1 0.6 0.62 0.06 41.0 6
9.1 0.84 0.48 0.34 10.0 6
12.9 0.69 0.53 0.0 12.0 6
11.5 0.43 0.72 0.3 12.0 7
10.3 0.43 0.54 0.29 45.0 5
12.8 0.36 0.55 0.32 8.0 7
11.7 0.29 0.84 0.33 27.0 7
11.7 0.3 0.84 0.34 25.0 7
12.0 0.35 0.7 0.4 24.0 7
12.3 0.28 0.55 0.45 12.0 7
10.4 0.32 0.55 0.31 19.0 6
10.0 1.005 0.48 0.15 32.0 5
10.0 0.71 0.58 0.0 31.0 6
11.2 0.58 0.58 0.16 7.0 6
12.6 0.38 0.75 0.4 28.0 7
12.7 0.18 0.44 0.37 109.0 6
10.4 0.5 0.61 0.14 23.0 5
11.9 0.36 0.53 0.66 8.0 6
11.9 0.36 0.53 0.66 8.0 6
10.5 0.51 0.54 0.09 9.0 5
12.3 0.32 0.55 0.42 9.0 6
10.5 0.58 0.56 0.01 18.0 7
10.4 0.83 0.6 0.0 43.0 6
12.6 0.31 0.56 0.32 36.0 6
11.6 0.795 0.52 0.0 52.0 5
10.5 0.58 0.56 0.01 18.0 7
9.6 0.82 0.53 0.0 14.0 5
9.7 0.745 0.47 0.18 48.0 6
10.6 0.37 0.65 0.34 17.0 7
12.5 0.31 0.59 0.34 35.0 7
12.6 0.41 0.77 0.41 42.0 7
11.1 0.5 0.83 0.21 39.0 6
9.8 0.49 0.64 0.19 26.0 6
12.2 0.39 0.62 0.33 53.0 6
11.4 0.44 0.58 0.0 38.0 6
10.7 0.78 0.62 0.0 45.0 6
10.4 0.43 0.64 0.17 51.0 5
10.9 0.49 0.78 0.36 14.0 6
10.8 0.5 0.77 0.36 17.0 6
9.2 0.46 1.34 0.59 45.0 5
12.9 0.605 0.55 0.05 25.0 5
12.7 0.33 0.77 0.42 20.0 7
9.1 0.64 0.62 0.27 77.0 6
12.1 0.48 0.59 0.53 10.0 7
9.1 0.42 0.57 0.25 90.0 5
11.6 0.53 0.76 0.57 52.0 7
12.1 0.48 0.59 0.53 10.0 7
9.9 0.23 0.7 0.57 8.0 6
12.5 0.4 0.69 0.5 16.0 8
11.4 0.38 0.64 0.44 15.0 6
11.8 0.29 0.63 0.65 17.0 6
11.8 0.74 0.57 0.09 10.0 6
10.2 0.61 0.6 0.18 20.0 6
12.5 0.52 0.72 0.08 26.0 7
10.9 0.31 0.83 0.53 10.0 7
10.8 0.62 0.62 0.35 52.0 5
11.1 0.33 0.89 0.45 37.0 7
9.2 0.77 0.58 0.2 92.0 5
10.7 0.62 0.58 0.33 37.0 6
11.4 0.32 0.73 0.56 8.0 6
11.0 0.37 0.58 0.65 8.0 5
12.3 0.3 0.51 0.68 278.0 7
12.3 0.3 0.51 0.68 289.0 7
9.5 0.38 0.59 0.3 70.0 6
12.0 0.42 0.77 0.45 59.0 6
9.6 0.48 0.49 0.08 64.0 5
11.6 0.34 0.66 0.4 9.0 7
11.2 0.19 0.69 0.42 30.0 6
9.9 0.41 0.76 0.54 41.0 7
9.9 0.41 0.76 0.54 41.0 7
11.8 0.26 0.63 0.54 74.0 8
11.4 0.34 0.6 0.42 19.0 6
11.5 0.54 0.59 0.09 16.0 6
12.0 0.31 0.86 0.36 31.0 7
10.8 0.725 0.49 0.09 17.0 6
10.8 0.725 0.49 0.09 17.0 6
9.4 0.52 0.52 0.38 18.0 5
12.4 0.34 0.78 0.42 36.0 6
12.0 0.49 0.63 0.27 25.0 6
12.0 0.49 0.63 0.27 25.0 6
12.4 0.48 0.66 0.34 25.0 6
12.8 0.57 0.6 0.28 49.0 5
11.7 0.3 0.85 0.41 24.0 7
9.5 0.78 0.49 0.1 13.0 5
10.8 0.47 0.76 0.43 66.0 6
10.0 0.53 0.64 0.0 14.0 6
12.3 0.42 0.64 0.27 55.0 7
11.0 0.33 0.71 0.41 35.0 6
13.6 0.4 0.66 0.5 80.0 6
11.3 0.69 0.6 0.07 21.0 6
11.3 0.69 0.6 0.07 21.0 6
11.3 0.69 0.6 0.07 21.0 6
13.3 0.39 0.53 0.12 24.0 6
12.9 0.66 0.58 0.0 15.0 5
13.1 0.54 0.72 0.34 17.0 8
12.3 0.47 0.48 0.0 33.0 6
11.3 0.24 0.59 0.35 27.0 7
11.5 0.76 0.6 0.0 52.0 6
10.0 0.43 0.68 0.33 89.0 5
10.4 0.6 0.63 0.0 10.0 6
13.6 0.36 0.88 0.34 38.0 7
11.2 0.48 0.68 0.07 18.0 7
11.8 0.28 0.74 0.35 15.0 7
11.9 0.25 0.6 0.43 50.0 6
11.4 0.52 0.76 0.45 13.0 6
9.1 0.41 0.58 0.15 94.0 5
9.5 0.51 0.64 0.24 86.0 6
9.5 0.4 0.65 0.3 79.0 6
11.0 0.38 0.85 0.32 71.0 6
11.4 0.45 0.65 0.11 12.0 6
10.0 0.22 0.82 0.3 20.0 6
10.1 0.32 0.62 0.23 70.0 5
10.4 0.2 0.81 0.43 51.0 6
9.8 0.5 0.87 0.12 21.0 6
11.8 0.41 0.49 0.45 14.0 7
11.6 0.39 0.66 0.42 21.0 6
12.0 0.35 0.52 0.47 11.0 6
12.5 0.58 0.65 0.23 70.0 6
9.8 0.6 0.53 0.25 38.0 5
11.1 0.42 0.66 0.35 38.0 6
9.8 0.6 0.53 0.25 38.0 5
11.8 0.18 0.76 0.51 88.0 7
12.9 0.51 0.87 0.18 101.0 7
11.8 0.32 0.71 0.42 19.0 7
10.0 0.785 0.67 0.24 21.0 5
12.4 0.33 0.88 0.39 48.0 7
12.0 0.34 0.56 0.27 44.0 6
11.5 0.5 0.62 0.29 14.0 6
10.5 0.36 0.67 0.34 12.0 6
12.3 0.42 0.74 0.46 16.0 6
9.5 0.36 0.62 0.31 65.0 6
9.5 0.36 0.62 0.31 65.0 6
11.5 0.61 0.7 0.0 59.0 6
11.2 0.88 0.5 0.03 47.0 4
11.4 0.915 0.73 0.0 78.0 5
11.0 0.35 0.81 0.33 47.0 6
11.4 0.39 0.46 0.43 11.0 5
9.3 0.66 0.6 0.07 61.0 5
10.9 0.64 0.7 0.23 119.0 5
10.9 0.64 0.7 0.23 119.0 5
9.6 0.955 0.44 0.05 19.0 4
12.5 0.4 0.57 0.57 20.0 6
10.8 0.885 0.51 0.0 12.0 5
12.4 0.25 0.8 0.37 41.0 7
9.5 0.745 0.59 0.12 64.0 6
9.5 0.43 0.6 0.22 56.0 6
9.8 0.57 0.54 0.21 9.0 6
10.9 0.26 0.79 0.26 77.0 6
9.5 0.58 0.58 0.23 94.0 6
9.8 0.57 0.54 0.21 9.0 6
11.2 0.34 0.54 0.36 10.0 7
11.7 0.42 0.69 0.39 12.0 8
9.4 0.74 0.55 0.19 76.0 5
11.0 0.36 0.85 0.46 44.0 7
11.0 0.36 0.85 0.46 44.0 7
10.0 0.72 0.94 0.55 52.0 5
11.0 0.36 0.85 0.46 44.0 7
11.2 0.39 0.87 0.43 24.0 7
10.4 0.65 0.62 0.02 15.0 6
10.4 0.65 0.62 0.02 15.0 6
10.4 0.33 0.48 0.46 9.0 6
9.5 0.57 0.69 0.31 79.0 6
10.9 0.39 0.83 0.4 50.0 6
11.5 0.32 0.77 0.52 44.0 6
11.5 0.32 0.77 0.52 44.0 6
10.3 0.39 0.82 0.49 20.0 6
9.4 0.46 0.51 0.23 77.0 5
9.2 0.58 0.47 0.03 46.0 5
9.6 0.58 0.72 0.25 21.0 5
13.6 0.42 0.73 0.0 88.0 7
9.5 0.43 0.64 0.29 66.0 5
11.8 0.18 0.78 0.34 58.0 6
10.8 0.815 0.62 0.01 90.0 5
9.5 0.43 0.64 0.29 66.0 5
12.8 0.75 0.4 0.01 18.0 6
9.4 0.55 0.64 0.0 17.0 6
12.8 0.75 0.4 0.01 18.0 6
9.6 0.73 0.46 0.0 24.0 4
11.8 0.67 0.56 0.0 20.0 4
9.3 0.61 0.4 0.2 60.0 5
9.5 0.56 0.62 0.22 86.0 5
10.5 0.55 0.68 0.19 34.0 5
10.0 0.74 0.48 0.07 48.0 5
10.9 0.6 0.61 0.01 37.0 6
9.8 0.58 0.59 0.14 60.0 5
9.8 0.72 0.58 0.0 14.0 5
9.5 0.66 0.58 0.0 13.0 5
10.9 0.7 0.69 0.06 35.0 5
9.2 0.59 0.42 0.22 60.0 5
11.0 0.58 0.7 0.28 69.0 6
11.3 0.64 0.63 0.0 33.0 6
9.3 0.635 1.15 0.68 56.0 5
11.2 1.02 0.55 0.0 24.0 4
9.8 0.45 0.58 0.38 66.0 5
11.8 0.37 0.72 0.32 51.0 6
10.3 0.57 0.6 0.05 36.0 6
10.3 0.57 0.6 0.05 36.0 6
11.4 0.43 0.87 0.5 19.0 6
9.5 0.41 0.55 0.31 51.0 6
14.0 0.38 0.75 0.01 60.0 6
11.7 0.44 0.57 0.2 64.0 6
11.2 0.46 0.53 0.0 44.0 5
9.3 0.58 0.43 0.2 44.0 5
11.2 0.58 0.53 0.13 36.0 6
9.5 0.715 0.54 0.22 81.0 6
12.0 0.4 0.56 0.4 10.0 4
9.7 0.69 0.6 0.0 10.0 6
9.5 0.715 0.54 0.22 81.0 6
11.5 0.3 0.57 0.39 9.0 7
10.4 0.46 0.64 0.2 54.0 6
10.4 0.46 0.64 0.2 54.0 6
10.9 0.765 0.68 0.0 22.0 6
10.2 0.63 0.63 0.28 69.0 6
10.9 0.42 0.56 0.19 36.0 5
10.5 0.37 0.57 0.5 47.0 5
10.2 0.6 1.17 0.3 110.0 5
10.2 0.6 1.17 0.3 110.0 5
11.0 0.74 0.59 0.0 12.0 5
10.9 0.635 0.75 0.1 60.0 6
12.4 0.395 0.67 0.13 28.0 6
9.5 0.63 0.45 0.0 77.5 5
12.1 0.53 0.61 0.14 29.0 6
12.2 0.6 0.56 0.0 18.0 6
10.9 1.58 0.4 0.0 9.0 3
12.5 0.645 0.61 0.0 28.0 6
11.7 0.86 0.74 0.07 57.0 6
11.2 0.37 0.8 0.32 15.0 6
9.2 0.79 0.44 0.21 68.0 5
9.8 0.61 0.53 0.26 88.0 5
10.1 0.69 0.62 0.32 91.0 5
9.2 0.62 0.61 0.1 63.0 5
12.8 0.51 0.59 0.15 27.0 6
10.5 1.18 0.47 0.21 41.0 5
9.8 0.63 0.58 0.27 91.0 6
12.5 0.74 0.59 0.0 46.0 6
9.1 0.76 1.33 0.68 64.0 6
12.5 0.74 0.59 0.0 46.0 6
11.4 0.34 0.55 0.42 18.0 5
10.6 0.46 0.6 0.24 34.0 6
10.6 0.46 0.6 0.24 34.0 6
10.6 0.46 0.6 0.24 34.0 6
10.6 0.46 0.6 0.24 34.0 6
9.3 0.52 0.52 0.11 38.0 5
9.8 0.6 0.56 0.26 91.0 6
9.8 0.6 0.56 0.26 91.0 6
9.2 0.87 0.46 0.26 67.0 5
9.7 0.39 0.43 0.1 25.0 6
9.6 0.775 0.51 0.22 48.0 5
10.0 0.835 0.52 0.0 11.0 5
12.6 0.58 0.66 0.02 40.0 6
9.5 0.5 0.45 0.0 26.0 5
9.5 0.5 0.45 0.0 26.0 5
9.5 0.5 0.45 0.0 26.0 5
10.5 0.51 0.54 0.02 31.0 6
10.5 0.51 0.54 0.02 31.0 6
10.5 0.51 0.54 0.02 31.0 6
10.5 0.51 0.54 0.02 31.0 6
11.0 0.42 0.53 0.48 20.0 5
10.2 0.44 0.53 0.24 28.0 6
11.4 0.59 0.56 0.01 13.0 5
9.5 0.655 0.39 0.03 12.0 5
11.8 0.62 0.51 0.01 46.0 6
10.3 0.645 0.46 0.03 57.0 5
10.1 0.32 0.44 0.25 32.0 5
10.1 0.34 0.44 0.25 28.0 5
11.1 0.43 0.59 0.24 67.0 6
9.5 0.64 0.5 0.17 98.0 5
10.0333333333333 0.475 0.65 0.4 28.0 6
10.1 0.85 0.54 0.14 54.0 5
10.0333333333333 0.475 0.65 0.4 28.0 6
11.8 0.605 0.53 0.02 31.0 6
9.8 0.74 0.5 0.08 45.0 5
10.5 0.54 1.18 0.3 105.0 6
9.8 0.77 0.5 0.32 74.0 6
9.2 0.78 1.17 0.51 66.0 5
11.6 0.58 1.03 0.56 14.0 6
9.2 0.78 1.17 0.51 66.0 5
10.0 0.885 0.46 0.2 31.0 5
9.9 0.45 0.51 0.15 28.0 6
10.8 0.57 0.62 0.02 35.0 6
10.8 0.57 0.62 0.02 35.0 6
9.9 0.6 0.49 0.22 105.0 5
9.9 0.6 0.49 0.22 105.0 5
9.5 0.755 0.5 0.15 84.0 5
9.2 0.81 0.42 0.25 85.0 5
9.6 0.64 0.58 0.07 23.0 5
10.3 0.64 0.68 0.31 49.0 5
12.5 0.49 0.59 0.0 33.0 6
11.0 0.64 0.58 0.22 33.0 5
9.8 0.62 0.48 0.06 12.0 5
10.2 0.52 0.48 0.25 59.0 5
9.55 0.685 0.65 0.1 12.0 6
9.55 0.675 0.65 0.1 11.0 5
9.9 0.59 0.52 0.26 104.0 5
11.1 0.67 0.72 0.0 24.0 6
9.9 0.69 0.51 0.21 141.0 5
11.9 0.3 0.82 0.42 24.0 6
10.0 0.33 1.1 0.33 13.0 8
10.7 0.5 0.62 0.39 46.0 6
10.9 0.24 0.94 0.34 22.0 6
10.7 0.51 0.93 0.0 54.0 6
12.4 0.29 1.01 0.36 53.0 7
10.7 0.51 0.93 0.0 54.0 6
11.9 0.96 0.44 0.0 16.0 6
10.6 0.47 0.73 0.4 19.0 6
10.9 0.24 0.94 0.34 22.0 6
10.1 0.57 0.9 0.25 89.0 5
9.6 0.32 0.78 0.59 15.0 5
9.4 0.58 0.84 0.0 18.0 5
9.6 0.32 0.78 0.59 15.0 5
12.1 0.34 0.77 0.33 37.0 7
9.8 0.53 0.46 0.01 19.0 5
9.9 0.64 0.45 0.21 133.0 5
9.8 0.53 0.46 0.01 19.0 5
9.4 0.4 0.58 0.18 58.0 5
11.4 0.54 0.84 0.0 55.0 6
11.0 0.53 0.67 0.09 31.0 4
11.2 0.41 0.58 0.33 23.0 5
11.0 0.64 0.63 0.0 55.0 5
11.3 0.18 0.93 0.4 67.0 5
10.4 0.41 0.62 0.24 47.0 5
9.9 0.43 0.54 0.31 74.0 6
10.1 0.4 0.74 0.16 25.0 7
9.0 0.54 0.77 0.37 95.0 6
8.5 0.38 0.65 0.38 90.0 5
11.1 0.915 0.54 0.29 39.0 5
10.3 0.59 0.47 0.0 8.0 5
11.066666666666698 0.67 0.68 0.02 92.0 6
11.7 0.58 0.49 0.2 22.0 5
9.6 0.785 0.52 0.19 98.0 6
9.7 0.67 0.74 0.0 39.0 5
11.3 0.38 0.76 0.31 29.0 8
11.3 0.37 0.73 0.32 28.0 7
11.0 0.32 0.78 0.44 17.0 7
11.6 0.58 0.76 0.02 53.0 7
10.9 0.45 0.69 0.63 23.0 6
10.9 0.9 0.63 0.0 17.0 6
9.0 0.49 0.58 0.33 85.0 5
10.5 0.29 0.6 0.4 20.0 5
11.9 0.2 0.8 0.35 15.0 7
10.4 0.42 0.68 0.09 64.0 6
10.0 0.785 0.61 0.0 13.0 4
10.8 0.63 0.53 0.01 39.0 6
9.7 0.59 0.67 0.1 53.0 5
10.0 0.48 0.65 0.32 54.0 7
11.0 1.04 0.57 0.08 32.0 4
10.0 0.48 0.65 0.32 54.0 7
9.7 0.98 0.55 0.05 49.0 3
9.7 0.69 0.47 0.11 24.0 5
12.6 0.7 0.52 0.08 16.0 5
11.1 0.35 0.79 0.6 44.0 6
11.0 0.6 0.54 0.08 45.0 5
8.8 0.5 0.75 0.5 82.0 5
13.566666666666698 0.47 0.88 0.11 89.0 7
8.8 0.5 0.75 0.5 82.0 5
13.6 0.47 0.88 0.11 89.0 7
10.2 0.875 0.52 0.05 14.0 3
10.6 0.28 0.68 0.6 22.0 5
10.1 0.62 0.62 0.03 13.0 4
10.6 0.28 0.68 0.6 22.0 5
10.7 0.33 0.61 0.44 12.0 5
9.7 0.655 0.55 0.16 25.0 5
10.3 0.68 0.6 0.21 23.0 5
10.6 0.64 0.78 0.05 17.0 5
11.4 0.54 0.58 0.04 13.0 5
12.4 0.22 0.56 0.49 18.0 6
11.95 0.65 0.54 0.06 18.0 5
9.7 0.54 0.59 0.26 147.0 5
10.0 0.31 0.7 0.09 28.0 7
10.6 0.43 0.81 0.02 28.0 6
11.5 0.74 0.63 0.03 16.0 6
11.5 0.74 0.63 0.03 16.0 6
9.4 0.82 0.53 0.29 64.0 5
11.0 0.44 0.69 0.39 14.0 6
11.4 0.38 0.55 0.57 12.0 6
9.95 0.76 0.63 0.02 12.0 3
10.8 0.81 0.66 0.05 14.0 6
11.4 0.38 0.55 0.57 12.0 6
10.6 0.27 0.72 0.6 25.0 6
11.1 0.18 0.7 0.4 20.0 5
9.7 0.36 0.77 0.21 48.0 6
9.8 0.69 0.67 0.04 27.0 5
9.23333333333333 0.84 0.72 0.21 65.0 6
9.25 0.84 0.72 0.21 65.0 6
10.3 0.53 0.83 0.06 44.0 6
10.5 0.47 0.63 0.46 20.0 5
10.2 0.7 0.58 0.08 27.0 5
10.6 0.32 0.97 0.25 58.0 5
10.4 0.48 0.6 0.25 61.0 5
9.7 0.48 0.64 0.08 34.0 5
9.6 0.47 0.65 0.08 38.0 6
10.1 0.29 0.67 0.49 59.0 6
10.2 0.69 0.6 0.08 52.0 6
11.3 0.44 0.69 0.09 18.0 6
10.2 0.705 0.66 0.1 28.0 5
9.9 0.53 0.68 0.13 22.0 6
9.0 0.39 0.61 0.3 84.0 5
11.7 0.56 0.62 0.14 29.0 7
9.7 0.55 0.59 0.13 35.0 6
12.0 0.64 0.63 0.09 26.0 5
11.6 0.52 0.63 0.08 32.0 6
11.2 0.37 0.81 0.43 19.0 7
10.1 0.63 0.64 0.33 28.0 6
10.2 0.57 0.61 0.02 26.0 5
10.4 0.4 0.58 0.5 50.0 5
11.4 0.36 0.7 0.3 24.0 8
9.4 0.67 0.54 0.0 27.0 5
11.3 0.68 0.66 0.01 54.0 6
9.4 0.735 0.6 0.0 28.0 5
10.55 0.56 0.68 0.17 24.0 7
9.9 0.88 0.56 0.04 20.0 5
11.0 0.855 0.6 0.02 23.0 6
9.5 0.63 0.56 0.33 115.0 5
9.9 0.6 0.52 0.26 131.0 5
9.9 0.6 0.52 0.26 131.0 5
9.9 0.6 0.52 0.26 131.0 5
10.1 0.695 0.54 0.13 20.0 5
10.1 0.695 0.54 0.13 20.0 5
10.9 0.67 0.82 0.02 42.0 6
11.2 0.16 0.71 0.64 52.0 6
10.1 0.695 0.54 0.13 20.0 5
9.2 0.56 0.59 0.13 42.0 5
11.5 0.51 0.57 0.14 34.0 6
12.4 0.36 0.93 0.53 35.0 6
11.1 0.38 0.65 0.14 25.0 6
9.5 0.69 0.51 0.32 104.0 5
12.5 0.58 0.67 0.2 50.0 6
11.8 0.52 0.64 0.4 20.0 6
10.8 0.3 0.78 0.63 29.0 6
11.9 0.7 0.6 0.15 27.0 6
11.3 0.67 0.67 0.15 20.0 6
11.9 0.35 0.6 0.33 26.0 6
11.9 0.715 0.5 0.1 27.0 5
9.8 0.46 0.62 0.29 98.0 5
11.6 0.32 0.8 0.44 34.0 7
11.4 0.31 0.85 0.41 60.0 6
10.9 0.61 0.66 0.11 28.0 6
11.6 0.55 0.82 0.15 35.0 6
11.6 0.74 0.56 0.09 26.0 6
11.0 0.51 0.75 0.13 40.0 6
9.5 0.62 0.82 0.08 38.0 6
10.5 0.6 0.58 0.08 44.0 5
11.2 0.55 0.76 0.1 51.0 6
10.2 0.645 0.71 0.12 44.0 5
